52.89874999999999
50.74125
46.32625
40.822500000000005
37.40125
34.5725
32.723749999999995
31.791249999999998
29.752499999999998
32.3525
38.908750000000005
42.5025
42.845
37.34
32.9825
33.317499999999995
37.0625
44.8125
51.7375
51.425
48.335
47.224999999999994
48.315
44.29375
38.02375
35.52625
31.2625
25.752499999999998
24.0625
26.501250000000002
29.479999999999997
36.60375
43.58625000000001
45.35
44.51875
46.5525
47.22625
43.41875
40.5425
39.761250000000004
43.67125
51.6875
53.736250000000005
51.510000000000005
46.6275
45.15375
48.64375
47.895
45.582499999999996
42.70375
40.1775
35.833749999999995
32.33375
33.29125
37.745000000000005
41.36
44.4875
44.660000000000004
45.14125
45.449999999999996
44.775000000000006
41.974999999999994
38.055
34.86875
38.39125
47.40749999999999
48.995000000000005
46.18375
43.283750000000005
42.28625
41.61
39.166250000000005
34.767500000000005
30.53625
26.24625
20.84625
16.60875
18.84875
19.729999999999997
22.259999999999998
30.02125
35.35
36.865
39.168749999999996
40.97125
36.2175
29.89375
27.192500000000003
35.15875
47.28125
53.307500000000005
50.9775
46.68625
42.53375
44.10375
40.559999999999995
35.9525
33.90875
28.942499999999995
23.30125
27.1725
38.017500000000005
46.5675
51.658750000000005
53.13
51.49375
50.56250000000001
49.73125
46.98375
43.5875
42.4125
44.45
50.48
57.552499999999995
56.875
51.087500000000006
46.03
46.125
47.71
45.8725
43.580000000000005
39.875
38.0825
35.4025
35.7425
40.3575
45.825
49.82375
50.032500000000006
50.866249999999994
50.60125
49.345
46.931250000000006
43.79375
40.93625
41.4075
45.46875
49.96375
52.612500000000004
51.480000000000004
46.95375
44.161249999999995
45.01125
43.581250000000004
38.75875
36.974999999999994
35.43625
31.104999999999997
31.5275
37.49
44.526250000000005
51.14625
53.14625
50.61875
50.4575
50.81875
50.64125
51.2425
49.8
47.677499999999995
48.61375
51.59125
51.08
48.28125
45.41375
43.35125000000001
45.581250000000004
44.955000000000005
40.79375
35.732499999999995
33.7325
28.058750000000003
27.337500000000002
35.36
44.17375
48.9825
48.325
48.9525
49.305
48.9925
47.9725
45.8075
41.519999999999996
39.32
43.657500000000006
49.2
50.89750000000001
49.432500000000005
45.16875
41.7375
43.89375
39.55375
31.17875
29.267500000000002
26.737499999999997
20.862499999999997
18.071250000000003
25.347499999999997
36.4125
44.682500000000005
45.73375000000001
44.43875
42.16375
41.36
40.34625
38.133750000000006
33.7325
29.7025
32.0925
37.51875
40.23125
36.5425
30.340000000000003
26.64125
26.072499999999998
22.927500000000002
17.885
15.1125
12.691249999999998
10.28625
9.155000000000001
10.21
13.290000000000001
16.24875
17.3725
18.515
19.2125
19.7075
19.622500000000002
17.46
14.38375
12.393749999999999
15.833749999999998
20.81875
25.687499999999996
26.55375
22.38125
21.3975
26.507499999999997
27.4
25.926250000000003
25.2925
24.76625
17.9775
14.334999999999999
17.27625
18.153750000000002
18.70625
22.985
27.03625
29.542499999999997
31.13125
31.26375
27.7525
19.38125
14.87125
21.235
29.436249999999998
37.925000000000004
39.78
34.475
32.25
32.69625
30.465
27.2975
26.4125
22.79125
16.847500000000004
16.915
25.1425
38.30375
46.46625
47.3625
45.75
45.1425
44.29625
42.13
39.5725
34.8325
32.805
36.4475
43.7775
48.08875
45.971250000000005
39.39625
36.065
36.525
34.265
30.61
26.45875
22.97125
15.1225
15.396249999999998
26.59875
37.964999999999996
46.477500000000006
49.265
49.0625
47.66875
46.60875
45.042500000000004
40.792500000000004
35.193749999999994
33.455
37.4675
45.35125000000001
48.154999999999994
44.9025
39.035
33.58875
33.0025
32.58625
32.73875
28.8525
25.16875
19.158749999999998
16.83125
24.855
39.737500000000004
47.92125
47.92125
47.15
45.32375
45.20625
43.74125000000001
41.27125
40.877500000000005
39.76875
44.067499999999995
49.7025
50.97125
48.70875
42.60125
38.965
39.307500000000005
35.74
28.36625
24.070000000000004
20.494999999999997
16.33
15.662500000000001
22.155
38.43875
48.76625
48.473749999999995
46.964999999999996
46.165000000000006
46.135
44.515
41.155
37.19
35.5925
37.9225
44.95625
50.0825
47.036249999999995
40.144999999999996
35.44625
35.2125
35.2
34.04125
30.338749999999997
27.69625
24.06875
25.43625
33.38625
43.39
49.9475
50.06125
49.565
50.2475
49.261250000000004
47.582499999999996
45.7275
44.6375
45.19375
49.12125
52.88375
51.47
45.57875
40.16375
38.940000000000005
41.5925
40.69
35.276250000000005
32.82875
30.6325
27.59375
27.12125
27.30375
29.570000000000004
36.4775
44.03375
47.113749999999996
45.3775
43.24375
41.155
36.737500000000004
33.28874999999999
32.23375
37.065000000000005
43.715
46.06125
44.00375
37.2
34.542500000000004
37.78
37.2025
35.325
31.906250000000004
28.307499999999997
26.35875
24.8425
26.84625
29.7725
32.00625
34.58625000000001
37.92
40.33375
42.77374999999999
41.425000000000004
36.61125
32.39125
30.10875
33.432500000000005
42.36875
49.72625
50.87
47.552499999999995
43.3775
44.02875
40.90875
36.9875
34.2025
31.72375
28.9825
29.232499999999998
35.5575
46.32
53.7275
54.94875
52.365
51.7175
50.16625
49.13375
48.42
47.61125
47.715
49.67875
56.8625
61.02875
53.458749999999995
48.535000000000004
46.2875
49.635000000000005
47.294999999999995
42.386250000000004
41.58875
39.8675
35.20375
35.3975
40.945
47.940000000000005
55.44875
58.85
58.2525
57.385000000000005
55.98625
53.30499999999999
52.723749999999995
52.275000000000006
51.7025
53.85625
61.5875
62.66375000000001
53.79625
47.33
44.237500000000004
46.2925
45.256249999999994
44.55625
44.15
42.214999999999996
38.49875
38.37
41.4925
48.282500000000006
55.72125
59.63875
61.5775
61.61750000000001
59.69875
54.55625
50.87500000000001
48.75
50.38249999999999
52.68875
57.10125000000001
59.010000000000005
54.88125
48.28125
43.875
42.735
43.81374999999999
43.07125
41.2125
38.00375
35.435
37.650000000000006
43.02375
48.45375
55.75375
60.37625
62.2075
62.5875
59.1625
54.847500000000004
53.08375
50.958749999999995
50.74
54.69375
61.21
64.56375
61.54375
53.368750000000006
48.6225
48.88125
45.8775
42.25
41.087500000000006
38.875
36.875
36.125
40.1
47.86
57.12
61.0575
61.567499999999995
59.65
55.212500000000006
51.864999999999995
48.805
45.64625
44.49875
46.98
52.7025
56.707499999999996
53.4425
47.53
45.01875
46.265
45.435
43.67625
42.205
38.9625
35.6875
35.0
36.5375
39.94375
41.81125
44.11375
46.2125
45.9825
46.51375
44.2025
40.28625
37.525
35.35125
36.7475
44.31875
50.993750000000006
49.8475
45.32875
44.003750000000004
46.70625
45.455
42.845
39.551249999999996
37.06625
32.317499999999995
29.38375
29.61125
32.685
36.5725
39.79375
41.34375
41.75749999999999
42.295
42.14625
39.7125
37.12
35.225
37.625
44.598749999999995
51.5725
50.692499999999995
47.089999999999996
44.66624999999999
45.35125
43.54625
39.775
36.908750000000005
33.93125
31.2875
32.68375
40.03125
48.8725
55.535
55.93124999999999
54.83
53.690000000000005
52.92
51.62
52.2375
51.665
48.10374999999999
47.184999999999995
53.356249999999996
57.38375
52.525000000000006
46.7525
43.9
45.27875
45.24625
41.175000000000004
40.662499999999994
39.95625
36.41125
35.686249999999994
41.3475
47.666250000000005
52.82875
54.805
55.1075
54.260000000000005
51.5375
49.34
49.48625
48.53875
46.366249999999994
48.0825
56.62125
62.120000000000005
57.11375
50.48625
47.65625
46.4275
44.24
41.855000000000004
39.96
38.303749999999994
34.49375
30.41
34.37625
44.4625
49.8375
52.15
51.94
51.59
50.93000000000001
49.2975
46.9025
42.74375
40.0825
41.795
46.887499999999996
50.76375
51.20249999999999
51.375
49.267500000000005
47.93375
45.692499999999995
44.301249999999996
42.4375
41.7425
40.19875
39.050000000000004
41.69499999999999
46.45875
52.67125
58.4575
60.4275
59.40375
53.96625
50.736250000000005
52.2375
53.68000000000001
51.89
54.60375
63.78875
64.18625
54.43875
44.881249999999994
38.463750000000005
37.956250000000004
38.07
31.16
27.444999999999997
25.79
24.42125
24.707500000000003
30.65625
42.222500000000004
48.92125
49.12625
49.20375
49.105000000000004
48.0625
46.5125
44.308749999999996
43.41625
43.81875
45.00874999999999
47.931250000000006
50.75375
50.88125
46.72749999999999
43.8925
45.49125
46.81125
46.04375
40.6025
37.2225
31.85
31.081249999999997
34.845
37.9825
40.933749999999996
45.52
47.8025
47.743750000000006
47.72749999999999
48.306250000000006
44.7375
39.32
37.24
39.365
45.97875
50.19875
46.837500000000006
41.17125
38.5975
41.41375
41.940000000000005
37.40375
31.71875
27.830000000000002
25.68625
25.85875
25.34125
25.0925
28.23125
33.0475
37.19625
39.252500000000005
40.558749999999996
39.46
33.896249999999995
29.9175
29.258750000000003
32.5
42.0775
51.2625
52.035000000000004
50.4575
47.09375
44.277499999999996
42.013749999999995
40.295
36.56875
34.39
30.60125
31.756249999999998
38.113749999999996
49.22625000000001
59.416250000000005
60.754999999999995
62.29
63.410000000000004
61.305
58.7025
56.68875
51.2275
46.58375
52.10375
73.42375
96.85875
83.08375
59.03125
52.93750000000001
51.10124999999999
48.918749999999996
43.37625
41.82875
42.48125
40.417500000000004
41.28
44.371249999999996
52.6375
62.23
65.655
70.0775
69.6525
65.67375
62.78
57.2325
56.89125
55.24625
56.52
73.41624999999999
85.55375
66.10000000000001
58.5325
52.65625
49.9925
45.862500000000004
44.32625
45.04624999999999
44.17375
41.5025
41.692499999999995
45.282500000000006
51.528749999999995
59.697500000000005
62.07124999999999
62.57875
62.91625
61.01625
55.61125
52.75
50.86125
49.895
53.46375
66.06
71.78
60.2325
54.105000000000004
50.8225
50.348749999999995
48.5075
46.53999999999999
46.3375
44.46000000000001
40.775000000000006
41.091249999999995
44.5775
54.040000000000006
63.14125
62.645
63.44
61.92875
60.21374999999999
59.748749999999994
55.98875
50.4775
46.04
46.55625
55.06999999999999
61.7975
59.85125
55.0775
49.275
47.03125
45.724999999999994
43.75125
41.293749999999996
39.9125
38.067499999999995
37.279999999999994
42.86749999999999
52.57375
62.9975
69.1825
69.915
67.50999999999999
59.75
53.095
50.635
48.975
46.287499999999994
47.00875
53.388749999999995
58.44624999999999
55.935
51.925
51.31
51.197500000000005
51.386250000000004
52.85875
50.93125
47.76875
43.449999999999996
43.00875
44.41624999999999
46.6725
49.4325
51.410000000000004
54.86375
56.083749999999995
54.181250000000006
51.27375000000001
48.91875
48.598749999999995
47.212500000000006
45.868750000000006
54.6475
66.92375000000001
67.47250000000001
60.69
56.0025
54.45875
56.8475
61.94875
59.342499999999994
54.5675
46.18375
40.62375
41.63875
43.3675
43.698750000000004
43.11625
44.78375
47.6675
48.448750000000004
46.30375
43.73375
39.482499999999995
38.536249999999995
40.0
49.08875
64.46125
66.7675
53.91125
49.42250000000001
48.596250000000005
49.88125
49.8975
46.8325
46.113749999999996
42.15125
42.51499999999999
46.9025
53.92125
60.9925
63.8275
68.61
73.285
72.41
70.30624999999999
62.4125
54.7475
53.372499999999995
54.625
79.9375
109.38624999999999
91.60375
72.43375
62.183749999999996
57.97500000000001
53.675000000000004
50.4125
50.667500000000004
49.7225
46.78249999999999
46.36125
50.223749999999995
59.72624999999999
75.92999999999999
79.9875
76.84875000000001
78.09875000000001
73.99875
67.99625
64.89375000000001
59.2825
53.70875
55.335
70.23375
79.71249999999999
71.0
65.5325
56.82125
55.58500000000001
51.510000000000005
49.035000000000004
46.66374999999999
44.7975
43.24625
43.106249999999996
46.355
53.7325
63.21125000000001
69.52625
71.61875
67.49625
59.669999999999995
54.926249999999996
51.61125
49.725
50.1975
53.7175
67.06375
77.71375
66.77499999999999
56.596250000000005
53.41250000000001
53.2075
49.941250000000004
46.2525
45.8375
45.17875000000001
43.5025
43.75875
48.15625
57.261250000000004
66.33749999999999
72.51625
70.3475
59.5125
55.83625
53.6525
49.756249999999994
46.395
47.15375
52.817499999999995
62.9875
71.2275
64.33
51.8825
47.21875
48.125
49.18000000000001
50.1075
47.65625
44.22375
42.12625
41.653749999999995
43.10125
50.231249999999996
58.09625
58.63875
58.7025
56.0125
54.04875
51.446250000000006
49.106249999999996
46.44625
43.818749999999994
44.15625
47.9025
52.94125
53.335
47.96125
45.4925
46.69375
44.425
39.38375
35.99875
34.7425
31.1175
29.01125
32.2425
34.75125
36.75
40.1325
45.25375
47.231249999999996
47.55
46.83
43.011250000000004
38.91875
36.068749999999994
37.9775
43.224999999999994
48.06875
47.6
44.166250000000005
42.6475
43.103750000000005
43.265
41.35625
38.5
35.48625
32.5325
30.8275
31.37125
33.026250000000005
34.345
39.12
42.786249999999995
42.62
44.0875
43.96125
39.36875
34.53
31.433750000000003
34.005
46.1425
56.76375
57.82625
54.25625
53.5925
52.60875
49.61625000000001
47.4675
44.86749999999999
44.587500000000006
41.191250000000004
41.198750000000004
46.8825
55.185
60.50375
60.45
65.71124999999999
67.2175
66.25625000000001
62.621249999999996
58.685
52.4575
50.841249999999995
53.322500000000005
58.72749999999999
66.22500000000001
65.37125
58.31
51.8775
50.40625
49.5475
45.25375
41.9675
40.7425
38.55375
38.31875
43.92125
50.34875
55.224999999999994
55.4225
55.315
56.1725
56.136250000000004
53.7375
52.276250000000005
48.62125
44.682500000000005
46.675000000000004
54.441250000000004
60.41375
55.67125
51.864999999999995
50.11875
51.1075
48.997499999999995
45.70625
41.99875
41.300000000000004
39.7225
39.96875
44.1275
51.16374999999999
55.8125
57.998749999999994
57.714999999999996
55.98125
54.81875
54.175
52.04125
50.1575
48.785
48.650000000000006
54.13125
59.8625
60.64625
56.38375
53.16625
53.44625
49.133750000000006
46.940000000000005
45.34375
43.31875
41.315
41.07625
43.6075
50.77
57.6175
60.30499999999999
62.0775
59.6
55.5125
53.3425
51.081250000000004
47.47749999999999
44.94
46.68375
53.98125
65.0875
66.09375
55.28125
52.91499999999999
53.84
51.08125
47.72625
45.947500000000005
43.01625
40.888749999999995
41.31125
45.127500000000005
52.25625
57.1925
57.9375
58.54
57.290000000000006
55.69375
53.26625000000001
52.5625
51.11625
49.65625
49.771249999999995
51.36875
53.5925
53.597500000000004
51.19875
50.7025
51.5925
50.592499999999994
48.18125
43.65625000000001
40.44375
38.49625
38.40875
40.94875
44.42625
47.3525
49.3175
53.97625000000001
55.636250000000004
54.5625
52.065000000000005
48.85625
46.92875
45.011250000000004
45.957499999999996
52.691250000000004
61.36
58.199999999999996
49.741249999999994
47.212500000000006
50.0075
47.395
40.82875
39.44
38.06
34.116249999999994
32.2175
32.66875
34.33
38.917500000000004
44.00625
44.02375
43.93125
43.7375
42.21875
36.205
28.06875
26.167499999999997
32.49625
43.65625
51.03125000000001
51.49625
46.96875
42.6625
41.3775
41.585
40.3575
39.00875
36.36875
31.902500000000003
33.68625
40.455
48.93625
55.08
58.7025
58.285
55.169999999999995
54.63875
53.7575
49.9925
47.17
42.791250000000005
41.372499999999995
46.474999999999994
53.02250000000001
51.631249999999994
48.21875
46.69499999999999
46.9075
45.396249999999995
41.47625
38.36125
35.74375
31.65375
33.411249999999995
40.362500000000004
47.16
51.02625
51.7775
52.37625
52.025
50.15375
47.832499999999996
46.599999999999994
44.263749999999995
41.56625
44.417500000000004
50.5625
56.285000000000004
55.88125
49.853750000000005
47.9425
49.1725
47.792500000000004
43.676249999999996
39.762499999999996
38.2925
36.0025
37.19375
43.096250000000005
49.525
51.7775
52.776250000000005
53.6175
53.470000000000006
53.4375
53.115
51.1675
48.31625
48.07375
49.92249999999999
56.821250000000006
66.0225
58.44375
50.52875
47.7875
48.1275
47.62375
45.113749999999996
42.56
40.57625
38.1875
38.4925
42.28625
50.3125
55.365
56.48375
55.74125
52.1
52.00749999999999
51.1575
49.191250000000004
47.04625
44.321250000000006
43.886250000000004
47.97
54.2
54.931250000000006
51.52625
47.905
46.36125
45.82375
42.84625
39.323750000000004
36.46625
30.26375
31.657500000000002
40.2325
47.27
53.21625
54.87624999999999
54.28625
54.3425
54.71000000000001
55.0025
52.815
46.65875
42.1325
43.989999999999995
53.985
62.803749999999994
58.403749999999995
52.98875
51.36
52.85625
53.1625
52.91875
50.13625
46.7625
42.758750000000006
41.255
41.07
42.97125
46.080000000000005
50.355
52.85
50.6675
47.261250000000004
44.265
42.87875
42.1
42.08
42.261250000000004
47.926249999999996
55.55375
54.5625
48.66
46.59125
50.074999999999996
44.67
33.849999999999994
29.325
26.685
24.66875
20.7875
19.95875
20.03875
20.38375
22.7325
25.18625
25.86875
28.33375
28.36875
24.505000000000003
20.376250000000002
13.68125
14.6325
24.173750000000002
37.47625
45.7
40.72624999999999
35.4275
33.6425
28.26875
23.26
18.957499999999996
15.262500000000001
12.625
15.405000000000001
27.784999999999997
44.2025
55.3925
59.146249999999995
57.45
54.93125
52.7975
50.24375
48.4575
46.896249999999995
45.94
46.06
51.40875
63.80375000000001
66.935
59.28
55.269999999999996
53.4275
51.258750000000006
50.87125
48.147499999999994
45.06125
42.393750000000004
42.69875
47.61875
52.682500000000005
57.14625
61.431250000000006
61.0175
55.9125
53.08875
50.49625
49.13125
47.2575
45.9075
48.39874999999999
52.7
60.1825
62.572500000000005
52.30500000000001
49.33625
50.195
47.10249999999999
42.86875
40.396249999999995
37.42125
34.14
36.472500000000004
42.8125
48.97
54.18625
58.36375
58.0425
53.45375
51.50625
49.27250000000001
46.616249999999994
42.8375
40.59875
42.1125
48.24625
58.43125
59.77250000000001
50.235
49.253750000000004
48.9875
46.53125
43.875
41.64375
41.012499999999996
40.96875
41.80625
46.082499999999996
53.05875
59.705
65.30250000000001
61.64375
53.2625
50.308749999999996
47.425
44.013749999999995
41.95249999999999
38.963750000000005
40.84125
53.40875
67.0875
63.05875
51.402499999999996
47.716249999999995
48.2125
45.58625
42.081250000000004
41.24375
41.16625
40.3225
40.897499999999994
45.335
54.1025
62.227500000000006
66.7625
62.8125
55.48875
52.036249999999995
50.48
50.04875
47.683749999999996
43.724999999999994
43.305
51.09125
60.50625
58.63625
51.13250000000001
48.573750000000004
48.841249999999995
47.418749999999996
45.847500000000004
42.86
39.747499999999995
36.01
33.7575
34.57
38.32125
42.0975
46.57375
47.415
44.31375
40.91375
38.31
33.60625
29.385
27.32125
32.6025
41.0625
49.962500000000006
55.162499999999994
50.636250000000004
47.21625
48.0
42.54375
34.5175
34.76875
34.17875
32.81
32.81
32.81
32.81
33.042500000000004
33.05875
29.2825
23.21
22.744999999999997
22.1725
17.30125
14.12375
13.09375
16.06375
26.311249999999998
39.145
43.67125
41.05125
39.3525
41.38125
39.8125
36.5625
34.25375
31.33
28.2675
30.06875
37.57625
46.28875
52.693749999999994
56.14375
53.841249999999995
50.88125
48.12875
44.8675
43.45625
40.716249999999995
39.63125
42.010000000000005
50.47875
61.620000000000005
59.985
47.1825
43.70375
45.69624999999999
44.45375
40.77875
38.0725
38.082499999999996
36.21875
36.87625
43.71625
50.39375
55.188750000000006
55.505
53.02374999999999
50.904999999999994
48.89375
46.381249999999994
46.325
45.535000000000004
40.96625
41.89
49.60124999999999
60.29875
59.855
50.21124999999999
48.8475
48.725
46.22624999999999
40.39625
38.12875
37.61125
35.29375
35.875
40.6725
48.48
54.15375
57.168749999999996
56.2475
52.47
50.1425
47.38875
44.17625
40.49125
39.75625
41.05375
46.57875
57.956250000000004
60.8925
49.2825
45.27625
45.1275
42.995
39.4275
38.48
35.980000000000004
33.78625
34.16
40.4
49.865
56.4175
57.01625000000001
53.75
50.256249999999994
47.25875
44.52125
41.8875
39.277499999999996
37.95625
39.44125
45.76375
55.762499999999996
58.61750000000001
50.066250000000004
45.13125
44.021249999999995
40.949999999999996
38.17125
37.7125
34.9175
29.974999999999998
32.0175
37.625
45.89
52.295
53.065
52.90125
50.32375
46.925000000000004
44.355
43.36625000000001
42.79375
41.6
41.99
44.6575
51.45875
55.2475
50.39375
47.29875
46.51375
45.525
43.03
39.94
37.62375
35.894999999999996
34.533750000000005
36.2125
38.15
39.5625
42.37
43.193749999999994
41.808749999999996
41.375
41.243750000000006
39.80625
36.67875
33.21375
33.832499999999996
39.1
46.23125
50.6425
48.35625
45.958749999999995
46.3425
45.01375
43.026250000000005
39.7
35.96875
32.595
30.93
29.23875
29.301250000000003
31.2225
35.3725
38.475
41.0275
43.2875
42.90625
37.05625
28.32375
24.314999999999998
27.756249999999998
36.3675
46.7625
55.04375
55.405
52.518750000000004
51.175
49.4625
47.0175
42.931250000000006
40.870000000000005
40.41875
42.2375
46.4375
53.30375000000001
59.83375000000001
62.27875
63.31875
61.92375
60.040000000000006
58.9375
56.7425
53.941250000000004
51.1625
52.97
56.65
63.6875
68.2125
58.9225
53.83625
52.64375
49.99125000000001
47.068749999999994
44.287499999999994
42.50000000000001
41.35
41.85
46.59875
54.32
58.295
58.691250000000004
54.6975
49.792500000000004
47.373749999999994
45.9625
45.15625000000001
42.47749999999999
40.120000000000005
41.5825
45.17
50.815000000000005
54.44375
50.43625
47.32
46.985
45.347500000000004
43.021249999999995
39.58125
37.8825
36.555
36.995000000000005
41.3
46.611250000000005
50.5325
53.54125
53.89125
52.013749999999995
49.38875
45.7175
43.22624999999999
40.59125
38.916250000000005
40.83125
46.6825
55.05875
56.511250000000004
47.495000000000005
43.90875
46.025
41.73
34.525
30.95875
29.29375
28.247500000000002
29.255000000000003
35.160000000000004
45.32375
50.76125
49.6625
48.31875
47.81375
46.214999999999996
44.275
41.88249999999999
38.52
35.948750000000004
38.86
47.99374999999999
58.87625
59.235
46.410000000000004
42.54625
42.39
40.949999999999996
36.92125
34.66625
31.0225
29.16
29.016250000000003
33.21375
41.545
44.737500000000004
44.39875
47.11
46.44375
41.35
40.6875
39.05125
36.269999999999996
33.97375
35.34375
41.315000000000005
49.43125
53.065
47.215
43.8375
45.79625
47.30625
47.09125
43.00625
40.315000000000005
37.10625
36.22375
38.61875
39.8975
41.66875
43.85
44.3275
42.97625
44.0025
45.875
45.04
41.92375
38.646249999999995
40.565000000000005
48.518750000000004
58.121249999999996
59.61625000000001
51.96374999999999
49.04375
46.74625
44.18125
39.77625
34.28125
29.8675
26.81625
24.97125
23.51125
23.235
25.3225
26.983749999999997
24.192500000000003
24.143749999999997
27.51
28.31125
19.74125
16.625
19.404999999999998
23.740000000000002
31.2725
44.26375
52.435
52.38875
49.47
48.64
49.095
49.637499999999996
46.73
43.916250000000005
41.955000000000005
43.29875
48.143750000000004
54.193749999999994
58.5775
60.0825
59.35875000000001
56.042500000000004
53.17125
52.2675
53.015
52.957499999999996
50.7275
49.558749999999996
53.06125
63.31
69.22749999999999
56.647499999999994
52.39375
50.5875
50.321250000000006
49.41
47.637499999999996
46.13375
44.8425
45.29125
46.9475
52.12
60.192499999999995
61.765
60.2475
59.7525
59.325
56.38125
56.6625
56.98125
57.03
58.5375
61.402499999999996
78.63749999999999
84.89125
60.214999999999996
55.61375
53.657500000000006
48.2875
43.64125
41.247499999999995
38.087500000000006
35.816250000000004
39.43
45.66374999999999
55.73375
67.03750000000001
72.0625
70.225
67.35625
67.00375000000001
64.9125
64.14625
61.0625
57.09
56.255
59.175
69.92124999999999
73.1975
60.091249999999995
56.323750000000004
54.08125
48.76125
44.35125000000001
42.96875
41.695
40.0675
40.32625
44.417500000000004
53.85875
62.69625
62.555
57.34375
56.9125
55.14375
51.9325
50.84375
48.86875
45.7975
44.822500000000005
47.77875
53.448750000000004
57.74625
54.9975
52.28999999999999
49.792500000000004
47.04875
44.415
41.74875
40.835
37.269999999999996
36.32749999999999
43.11125
52.91375
59.66875
60.0
58.05
54.4925
52.6675
50.1725
50.125
50.5475
50.695
51.96125
54.15625
60.808749999999996
62.825
55.57375
51.6125
49.71625
48.852500000000006
47.272499999999994
41.94375
38.3525
35.551249999999996
33.6725
32.7475
33.6375
36.8025
37.940000000000005
36.98375
35.485
33.95
35.07625
33.3425
27.045
23.618750000000002
26.16
33.9125
43.74625
48.09625
41.8275
37.9
39.13375
34.07875
26.612499999999997
15.124999999999998
8.2275
19.9525
15.72875
13.786249999999999
11.86125
10.1525
12.95875
17.1
17.78625
19.49
20.7925
16.995
13.22375
11.13125
11.24375
14.721250000000001
20.9075
27.875
31.06625
28.16875
28.669999999999998
24.9125
17.90875
14.3475
9.26875
4.28625
6.6525
19.216250000000002
37.93125
51.2975
54.01375
55.1175
53.64750000000001
51.8625
49.691250000000004
48.225
44.03999999999999
38.488749999999996
35.46625
37.4075
45.38
53.02625
54.292500000000004
48.47125
45.525
41.4025
34.06375
24.466250000000002
17.245
9.717500000000001
13.695
28.7025
42.21875
48.86
54.88625
54.73
53.237500000000004
49.76125
45.63250000000001
44.98125
43.6875
40.33
39.55
42.3625
46.00875
51.16374999999999
51.85375
48.20125
44.949999999999996
39.8125
34.2625
27.94125
23.84375
19.275
20.84375
37.822500000000005
52.6775
59.5225
61.69375
59.27
55.18375
50.03125
46.29
45.419999999999995
44.58875
40.655
38.2775
38.93125
44.105
49.3775
46.79125
44.572500000000005
48.96375
49.217499999999994
45.93875
40.28375
35.55125
30.352500000000003
31.18
42.50125
53.775
60.371249999999996
62.865
59.625
55.925
51.847500000000004
48.81875
48.927499999999995
49.775
50.015
50.28000000000001
51.26875
55.5275
62.088750000000005
60.83375
55.138749999999995
53.019999999999996
48.27125
42.955
39.88875
34.82875
32.019999999999996
34.91
43.5375
53.8625
58.214999999999996
60.99
58.544999999999995
53.16875
48.94125
44.805
43.3975
41.2175
38.5
40.2925
44.37875
49.822500000000005
54.84
55.515
53.97375
53.88875
49.7
39.778749999999995
31.36625
28.555
25.275
25.17125
25.8825
27.728749999999998
30.146250000000002
33.7025
36.53
35.58125
34.91
33.4775
30.45875
27.422500000000003
24.674999999999997
25.035
27.990000000000002
31.215
31.87375
33.19125
33.1875
32.88375
31.525
28.908749999999998
26.733749999999997
25.7425
24.9
24.645
24.5175
24.3825
25.53
28.0275
29.5275
28.525
27.865
26.278750000000002
21.193749999999998
14.8125
12.075
14.54375
21.36375
27.85125
33.73125
39.70125
42.41875
43.875
42.46875
41.25875
35.352500000000006
31.13
30.177500000000002
28.9625
31.417500000000004
34.349999999999994
37.47125
41.99375
42.85875
41.16375
36.7825
29.127499999999998
22.797500000000003
17.04375
15.848749999999999
18.982499999999998
25.2425
33.42
41.4675
44.26875
46.12875
46.55375
44.29375
40.087500000000006
37.113749999999996
32.36
28.48625
31.957499999999996
43.08375
57.68875
70.5625
82.3
75.78999999999999
63.08749999999999
56.681250000000006
50.74125
49.730000000000004
47.012499999999996
42.40624999999999
41.4775
45.618750000000006
52.5625
58.295
61.13375
59.92125
57.73
51.8
48.85625
45.91875
41.8675
38.114999999999995
41.01375
48.82625
59.160000000000004
74.48875
90.6275
85.5875
64.14375
56.365
50.4
49.4375
47.510000000000005
44.768750000000004
42.94625
44.09125
48.60125
54.915
58.52125
58.401250000000005
55.42875
51.31875
47.337500000000006
42.04875
39.261250000000004
36.987500000000004
38.78125
46.0025
58.23125
69.87124999999999
77.35249999999999
73.33250000000001
59.1775
55.087500000000006
50.254999999999995
49.33625
48.36625
47.5575
48.33875
49.616249999999994
53.63625
57.605
59.18125
55.697500000000005
51.62625
49.65
45.690000000000005
41.605
38.83125
35.00125
36.246249999999996
45.46875
53.7375
58.9125
61.37125
56.955
49.675000000000004
46.650000000000006
41.98375
39.27875
38.91375
41.128750000000004
41.6275
41.41625
44.504999999999995
47.635
49.849999999999994
53.51125
54.51875
51.651250000000005
47.893750000000004
40.79625
36.25625
30.490000000000002
26.655
31.1675
33.715
33.44125
35.27125
34.235
31.265
31.44375
33.23375
30.09
24.443749999999998
18.68375
19.12625
27.86
36.69625
46.21125000000001
53.64875
56.863749999999996
56.371249999999996
53.427499999999995
46.01875
37.54625
32.69625
25.404999999999998
23.37125
22.40625
22.1925
21.91125
21.865000000000002
21.742499999999996
21.478749999999998
21.838749999999997
21.939999999999998
19.121249999999996
12.8925
6.98875
10.24375
17.42875
24.038749999999997
29.7975
32.067499999999995
30.9775
30.78375
34.852500000000006
38.083749999999995
33.2475
31.66875
30.85625
33.46125
43.958749999999995
55.68125
63.74625
67.24125
60.7175
55.95375
52.14999999999999
49.61125
48.23875
46.33375
44.67375
45.23125
47.89
50.8375
54.68000000000001
58.68375
58.676249999999996
52.22625
44.456250000000004
37.74875
33.518750000000004
30.9675
27.3925
28.17125
34.58
45.6725
52.741249999999994
54.975
54.24625
52.4275
49.746249999999996
46.15
44.62875
43.89
43.34125
42.3625
42.1875
44.6875
48.61750000000001
52.175000000000004
53.47749999999999
48.974999999999994
44.51125
40.714999999999996
36.381249999999994
32.79375
28.29375
28.228749999999998
36.82875
43.887499999999996
49.472500000000004
52.1875
52.521249999999995
52.137499999999996
51.278749999999995
49.4375
49.948750000000004
49.583749999999995
48.44250000000001
47.9
49.7425
52.3825
51.5375
49.24875
48.53
50.214999999999996
47.443749999999994
43.7675
42.98375
36.78375
27.488750000000003
28.28375
38.1025
47.22375
50.76875
53.26375
53.75
51.6875
51.71875
50.0
50.02250000000001
48.98375
46.462500000000006
43.81375
42.68
45.698750000000004
48.0775
47.84375
45.0325
44.9275
44.193749999999994
41.34875
35.59
29.450000000000003
27.77
28.58625
34.980000000000004
45.768750000000004
51.837500000000006
54.41625
53.88
54.38625
53.362500000000004
50.9375
48.80375000000001
45.3775
41.92875
39.815
40.980000000000004
43.97
44.7125
44.65375
43.855000000000004
45.1825
39.94
30.480000000000004
27.7025
26.25875
25.04
26.131249999999998
27.79625
26.951249999999998
27.1775
28.293750000000003
25.49125
22.92
21.56125
19.255
16.12375
13.24625
13.12875
17.075000000000003
21.80125
25.659999999999997
29.447499999999998
33.02375
36.79875
37.22875
30.71875
25.451249999999998
23.6525
22.78375
21.3775
20.76625
20.811249999999998
20.1
21.31625
22.965
21.91875
20.195
21.2725
22.00625
16.13125
10.75625
13.45875
17.9325
22.532500000000002
28.932500000000005
36.76625
39.55875
38.5075
36.443749999999994
33.536249999999995
28.03625
25.6875
24.11
22.7175
25.00625
34.8825
47.480000000000004
53.278749999999995
55.371249999999996
53.3375
52.00749999999999
49.871249999999996
45.6
44.24375
43.19125
40.975
37.75375
36.1525
40.385
45.121249999999996
44.20125
42.96625
44.20625
43.7125
42.1875
40.0625
34.54375
28.0325
30.84375
38.074999999999996
44.76625000000001
50.37375
53.54125
51.80500000000001
50.175
48.25874999999999
44.35124999999999
43.504999999999995
42.76625
40.447500000000005
39.725
40.60875
41.73125
43.315
42.458749999999995
42.43
43.86625
41.1725
35.87625
28.36375
24.2225
22.3975
24.4675
29.61625
38.495
47.6275
49.137499999999996
45.88375
43.868750000000006
42.31
39.9775
40.43125
40.81625
39.580000000000005
38.46875
41.405
47.0525
50.377500000000005
49.16875
45.981249999999996
42.032500000000006
36.121249999999996
31.07125
28.39125
26.47
25.39625
27.488750000000003
33.4075
40.957499999999996
45.0575
46.235
45.875
45.78875
45.975
45.9675
44.85
41.225
37.2425
34.66875
36.7
42.839999999999996
46.169999999999995
45.70125
44.26625
43.21125
38.4975
31.52875
30.27
29.44375
25.36625
26.73125
33.176249999999996
42.52375
47.027499999999996
45.400000000000006
41.4225
40.595
40.81625
40.150000000000006
37.936249999999994
34.625
30.441250000000004
29.175
34.1175
38.97125
41.22
41.18625
39.52375
34.792500000000004
30.669999999999998
29.26625
24.631249999999998
23.49
22.3925
21.8675
21.7025
22.103749999999998
23.55375
26.27625
28.893749999999997
29.326249999999998
29.1775
28.973750000000003
27.120000000000005
25.13125
23.74375
24.875
28.277500000000003
31.892500000000002
33.07375
32.1275
30.62
30.65625
27.021250000000002
21.82
21.02375
20.37625
18.465
17.96625
18.443749999999998
18.907500000000002
19.53375
21.23125
23.102500000000003
23.216250000000002
23.09125
21.68125
19.293750000000003
17.643749999999997
16.986250000000002
19.42
22.2375
25.03375
28.56375
30.56875
32.51875
33.205
31.53875
27.743750000000002
23.985
21.48875
17.91125
19.89875
29.9875
40.2275
45.676249999999996
47.60625
46.855
48.33624999999999
49.150000000000006
50.25625
47.88375
43.1775
41.085
41.44875
43.85125
44.647499999999994
42.86875
42.21
45.14125
44.576249999999995
39.36125
33.0475
29.145
26.8425
25.26875
27.153750000000002
33.22125
42.60625
52.32749999999999
57.722500000000004
54.745
49.83875
48.802499999999995
46.54375
43.92124999999999
41.48875
40.35625
39.44125
39.3275
41.871249999999996
43.8475
44.22375
45.87625
46.37125
40.75
31.7
26.603749999999998
26.3125
25.6025
27.065
32.675
44.56249999999999
56.62125
60.99
57.93
49.62375
44.943749999999994
45.4125
42.917500000000004
39.9075
38.6525
37.1575
37.45625
42.54
44.276250000000005
43.96125
44.42125
42.45
40.59375
37.49250000000001
34.65
31.685
27.21375
28.528750000000002
35.605
43.806250000000006
50.24875
55.245
53.8325
50.480000000000004
47.2325
43.58625
44.72375
45.175
42.96125000000001
39.985
39.11750000000001
42.55125
43.87
42.067499999999995
40.64125
36.49374999999999
29.94
24.24625
23.9775
22.88625
20.34875
18.228749999999998
15.52
13.41
17.16125
20.31
21.7475
22.96
23.720000000000002
23.381249999999998
20.90875
19.72625
19.43875
20.4725
21.808750000000003
23.15
23.69625
24.5775
27.56875
27.6425
25.1525
23.07
20.77625
18.73625
17.638749999999998
17.75375
18.112499999999997
18.619999999999997
21.84375
26.473750000000003
26.745
25.88875
25.126250000000002
23.634999999999998
22.84375
22.7525
21.715
22.005
26.73625
33.58375
35.24250000000001
34.253750000000004
35.848749999999995
35.92
29.595000000000002
21.69875
18.5
16.107499999999998
14.9025
14.6525
11.52125
7.52375
11.505
15.16625
18.045
19.80625
20.958750000000002
19.905
15.772499999999999
12.6425
12.07875
12.58375
14.309999999999999
17.06
19.24125
20.162499999999998
20.4925
20.314999999999998
19.529999999999998
17.888749999999998
14.252500000000001
9.67
8.89375
13.166250000000002
23.37375
37.30875
45.375
40.50625
44.791250000000005
51.981249999999996
53.712500000000006
47.724999999999994
40.71875
38.66875
37.48625
37.67
39.1325
40.9625
41.86875
40.585
39.40375
34.14
25.99375
22.957499999999996
19.6675
16.28125
14.56
15.38
19.915
26.247500000000002
32.378750000000004
34.59625
34.0325
33.40125
32.2625
28.871250000000003
26.322499999999998
25.0825
24.8625
24.9025
26.587500000000002
30.791250000000005
33.3375
34.02
36.378750000000004
37.1775
33.38125
27.1625
20.55125
17.19375
16.35
19.2525
27.01375
36.223749999999995
40.737500000000004
40.7025
36.425
32.1875
30.86125
30.363749999999996
30.823749999999997
31.651249999999997
28.01875
25.10625
27.57875
30.56125
33.74875
32.2975
35.78
40.456250000000004
35.025
28.4925
22.9725
17.9475
13.34
15.520000000000001
22.8025
36.2325
54.067499999999995
58.175000000000004
57.224999999999994
51.7475
45.417500000000004
43.29875
41.93125
40.47625
37.035
36.75125
38.82625
41.589999999999996
45.58125
47.18125
46.5925
44.42875
38.254999999999995
27.591249999999995
24.371249999999996
22.78
22.131249999999998
22.4925
22.67875
22.33
24.30375
27.38625
30.669999999999998
32.620000000000005
32.786249999999995
30.4375
26.56125
23.70375
20.8775
19.1575
18.8125
22.48875
25.63375
27.402499999999996
30.818749999999998
29.426250000000003
24.79
21.25875
19.42875
17.40125
14.838750000000001
14.1875
16.041249999999998
17.115000000000002
17.900000000000002
18.95375
19.32
18.36625
17.6125
16.689999999999998
15.011249999999999
11.515
8.702499999999999
11.517500000000002
15.53125
18.48375
19.97375
20.53125
21.145
21.58625
19.627499999999998
15.85625
14.953750000000001
11.526250000000001
7.00125
5.40625
2.6774999999999998
0.5175000000000001
2.2675
5.62875
7.64625
9.51
11.400000000000002
11.6275
8.098749999999999
2.995
0.45875
5.15375
14.4825
21.13125
25.4375
26.67875
27.103749999999998
27.05
24.23125
20.75625
17.85875
15.62625
13.9675
16.0975
21.92875
32.41375
38.54125
38.62
35.949999999999996
32.595
32.1075
32.40125
32.17875
34.99875
38.4
34.31875
34.61
39.51625
41.21375
39.07875
36.85125
34.57875
30.1025
23.36875
21.45125
18.521250000000002
16.560000000000002
17.0425
22.52
27.583750000000002
38.09625
42.965
38.885000000000005
38.57
35.441250000000004
29.840000000000003
26.34375
24.5775
24.6675
25.135
26.340000000000003
29.99875
33.95625
34.13125
34.43625
31.876250000000002
25.25125
20.426250000000003
18.57375
17.98875
16.30125
17.82125
21.06625
26.6475
34.30625
34.3225
28.3375
24.133750000000003
25.48
29.46875
30.255
27.365
23.34125
25.256249999999998
29.685000000000002
34.4325
34.3
31.080000000000002
34.13875
32.88375
27.20625
24.069999999999997
20.221249999999998
18.916249999999998
18.55125
17.78375
17.122500000000002
16.93125
18.24125
18.5375
18.623749999999998
18.93125
19.501250000000002
19.720000000000002
18.235
16.912499999999998
17.08375
17.759999999999998
19.27625
22.48625
23.745
22.990000000000002
24.60875
26.11875
24.371250000000003
24.401249999999997
22.527500000000003
20.51125
20.005
21.63125
23.81375
26.125
31.610000000000003
36.06125
33.9975
33.365
34.5075
31.98875
27.905
25.423750000000002
24.99375
26.06125
31.25625
37.81375
38.70875
36.66375
37.692499999999995
38.49375
32.792500000000004
24.76625
22.13125
21.20875
20.915
20.73125
20.918750000000003
20.924999999999997
21.39375
21.595
21.05125
19.3375
19.302500000000002
20.153750000000002
18.2325
16.66375
14.625
15.70625
18.8
21.71875
25.0625
27.064999999999998
30.0475
31.38125
25.3225
17.035000000000004
16.13375
13.05125
8.61125
5.355
3.81125
5.42
9.845
12.5325
13.83375
15.373750000000001
17.3725
16.715
12.00875
6.018749999999999
2.8449999999999998
5.7725
12.64875
18.515
22.2375
23.851249999999997
26.3125
29.072499999999998
24.971249999999998
21.56875
19.5875
16.9725
15.625
18.4725
27.49125
40.08125
44.277499999999996
42.47125
37.933749999999996
35.010000000000005
34.285
31.15625
28.86875
27.224999999999998
27.3275
27.71375
29.75875
33.83875
35.356249999999996
32.28874999999999
32.5025
31.830000000000002
25.291249999999998
19.49
17.556250000000002
16.77375
14.647499999999999
15.38
18.24
27.53125
39.14125
38.28
38.305
39.864999999999995
38.05625
35.69375
29.465
25.3025
25.00875
25.5575
28.115000000000002
32.807500000000005
36.5875
37.47875
37.065
34.39875
29.45375
27.10875
23.98
21.892500000000002
20.82875
22.052500000000002
27.37
38.63
52.435
55.765
52.90625
48.31250000000001
45.41374999999999
41.1875
36.6675
32.75
30.82375
30.61625
33.045
35.7825
37.1175
35.55499999999999
34.394999999999996
35.0725
32.01875
26.7575
25.97125
25.095
24.11875
25.6
29.69875
37.393750000000004
45.61375
48.29375
45.20375
45.2575
44.02875
40.45625
38.07625
32.7175
30.18125
30.4125
32.71125
36.8475
39.84
38.65
37.285
36.425
32.60625
28.5925
25.58
24.10875
23.75875
24.34875
28.54625
36.513749999999995
41.769999999999996
42.60875
39.2375
36.05625
34.838750000000005
32.8975
32.92125
32.5925
30.92125
30.8275
32.3575
34.795
36.07625
35.83
35.845
35.4
32.66625
28.5875
25.3675
23.00375
20.798750000000002
20.41375
20.216250000000002
21.11
23.47625
25.354999999999997
26.627499999999998
27.34125
26.71
25.43375
23.326249999999998
22.0075
21.3875
20.86875
23.3475
27.18875
29.4875
29.43625
29.7375
29.12625
27.33625
24.665000000000003
20.36
18.6175
17.75625
16.95375
15.577499999999999
15.39375
16.64875
18.1625
19.509999999999998
19.9425
19.8325
18.925000000000004
17.2225
15.3925
14.85125
15.360000000000001
17.55125
20.888749999999998
22.458750000000002
22.69625
25.1775
29.105
25.18125
20.42875
18.788749999999997
17.237500000000004
15.96125
16.1875
17.928749999999997
20.05875
21.2875
22.752499999999998
24.0525
24.3725
25.006249999999998
23.777500000000003
21.496249999999996
20.64375
20.1025
21.021250000000002
23.478749999999998
26.931250000000002
28.5875
29.099999999999998
31.271250000000002
32.74
30.56125
28.4025
25.655
23.48
22.6325
22.81875
28.58625
41.2575
47.355000000000004
45.76
43.76
41.39125
40.135
39.175
37.075
34.01125
31.74875
31.8575
33.2475
34.5
35.01
33.70375
32.816250000000004
32.2225
28.4475
24.3625
22.69875
20.2425
18.8775
20.605
24.81875
27.512500000000003
29.7875
31.157500000000002
30.502500000000005
33.137499999999996
37.58125
36.90625
34.73375
33.84
33.6675
35.45875
36.95625
38.17375
39.23875
38.09125
38.04625
36.2025
31.18
28.07875
26.69625
24.595
23.8375
24.37375
26.51625
32.31875
38.2775
38.40625
37.238749999999996
37.14625
36.9875
34.146249999999995
34.173750000000005
32.36625
29.46625
30.54875
33.04375
36.214999999999996
37.926249999999996
37.2875
37.6975
39.451249999999995
35.89
29.901249999999997
27.305
25.80375
25.385
26.23125
29.47625
37.915
45.25
46.87375
44.565
41.511250000000004
39.53125
36.6725
33.67
30.7625
29.545
30.542500000000004
32.23
33.364999999999995
34.88875
34.051249999999996
32.08875
31.025
27.36
20.97625
18.398750000000003
17.71
17.740000000000002
17.21875
17.328750000000003
18.355
19.73375
20.34125
20.67875
20.5925
20.2275
20.028750000000002
18.94625
18.54375
17.536250000000003
17.62875
20.245
23.098749999999995
25.283749999999998
25.95875
27.84875
30.818749999999998
28.43125
22.00375
18.49875
16.74625
15.62875
14.780000000000001
13.42
11.713750000000001
12.15875
14.651250000000001
16.07375
17.01625
17.755000000000003
16.24375
14.062499999999998
12.416249999999998
11.42125
11.77375
14.91125
17.823749999999997
19.12625
19.4525
20.853749999999998
21.97375
19.606249999999996
16.94875
14.4775
14.435000000000002
14.31875
14.716249999999999
18.955
25.136249999999997
28.84375
32.317499999999995
34.06625
39.98
45.85125
43.292500000000004
42.52625
40.56
31.70625
29.971249999999998
36.557500000000005
43.5775
44.58125
38.777499999999996
35.96625
33.89
24.2875
22.1725
20.42625
19.0125
16.46875
16.64875
19.93875
25.39
28.13375
27.0475
24.44125
22.118750000000002
23.25375
24.506249999999998
23.2275
23.085
23.23625
26.345
27.89375
24.80875
26.38875
25.056250000000002
28.4025
34.385
27.86625
13.695
10.24375
7.27125
6.15
11.2125
19.06375
29.55625
39.10375
39.885
41.9375
43.183749999999996
40.81625
37.3075
34.900000000000006
35.1175
34.96875
33.12
32.36125
37.207499999999996
39.50125
40.10249999999999
39.16375
36.216249999999995
31.9775
29.377499999999998
25.375
23.638749999999998
22.24625
24.373749999999998
25.59125
28.15375
33.1
31.747500000000002
32.95125
34.731249999999996
34.795
33.32749999999999
32.12375
30.251250000000002
29.419999999999998
31.221250000000005
34.2825
36.17875
37.04
36.440000000000005
37.4675
40.75375
34.995000000000005
27.681250000000002
25.9175
22.385
19.7075
20.8675
25.80125
33.74875
43.86625
48.347500000000004
50.11
52.81875
52.99125000000001
50.837500000000006
51.175
53.755
51.49125
44.22625
41.02875
41.02125
39.557500000000005
34.23
36.4225
37.697500000000005
32.46125
28.0125
24.72
23.621250000000003
21.6375
20.12625
19.956250000000004
22.0125
24.2575
25.310000000000002
25.782500000000002
24.938750000000002
24.393749999999997
23.05125
21.1425
20.04125
20.1475
21.595000000000002
24.35625
28.161250000000003
31.349999999999998
31.802500000000002
32.81875
34.4425
29.688750000000002
22.41875
19.00625
16.720000000000002
15.51625
14.86625
13.805
12.713750000000001
12.387500000000001
14.458750000000002
16.053749999999997
15.54875
17.262500000000003
17.451249999999998
16.4675
14.28125
12.87375
14.735
18.67375
21.955
23.090000000000003
24.87125
27.358749999999997
31.475
27.8275
23.255
20.55875
17.905
15.786249999999999
16.24375
23.14
34.29625
41.3725
46.473749999999995
46.05125
43.91125
43.9325
40.418749999999996
38.7725
34.986250000000005
32.3225
32.06999999999999
33.59875
35.57
36.22
34.60249999999999
34.89375
35.22625
30.1725
23.46125
20.19375
18.633750000000003
17.715
18.95625
20.56625
22.65625
33.82625
42.04375
42.341249999999995
43.666250000000005
46.23375
44.370000000000005
43.7125
42.75625
39.0
36.10875
35.448750000000004
36.868750000000006
38.1225
37.083749999999995
35.1475
34.24625
31.208750000000002
27.089999999999996
25.215
23.6525
21.7675
21.814999999999998
25.61375
34.332499999999996
40.85875
38.7825
35.353750000000005
34.40125
34.14625
34.29375
33.5325
32.2725
32.10875
33.6975
36.2725
38.925
38.7175
36.34875
35.42625
33.68125
29.334999999999997
27.436249999999998
25.953749999999996
24.788750000000004
23.30625
24.9775
28.501250000000002
35.15375
42.37625
43.87375
42.67625
42.28
41.8675
40.0225
39.332499999999996
39.71125
41.136250000000004
41.53
43.14125
43.678749999999994
43.77125
41.565000000000005
41.10375
38.12125
32.13
29.816250000000004
28.4925
26.505
25.26875
25.10875
28.392500000000002
34.5325
40.647499999999994
43.143750000000004
43.831250000000004
42.79624999999999
41.05375
38.61
39.074999999999996
37.19375
34.92125
35.52375
37.97625
39.24625
36.52375
36.128750000000004
38.01375
41.5675
36.787499999999994
27.03375
26.0275
24.50125
23.355
23.2675
22.03125
20.005
23.57
28.959999999999997
30.2425
29.5775
29.246249999999996
27.804999999999996
25.1125
22.933750000000003
21.92625
22.38625
24.927500000000002
28.355
29.6675
29.475
29.942500000000003
29.794999999999998
24.474999999999998
19.52
18.47375
17.25375
14.52375
12.2025
10.24
11.848749999999999
14.95375
16.0275
17.61125
19.68375
20.60125
20.5325
18.83
15.805
14.177499999999998
15.87625
20.58125
25.67875
27.15375
27.467499999999998
29.32
30.121249999999996
25.47625
21.7975
19.00875
16.96875
16.21875
16.95625
22.761249999999997
32.727500000000006
38.652499999999996
41.1425
44.11125
47.362500000000004
46.2775
43.53375
45.26125
46.056250000000006
43.44625
40.43125
40.2025
40.54
39.23125
36.03375
35.36750000000001
35.38875
30.623749999999998
26.551249999999996
24.581250000000004
23.4275
23.244999999999997
23.708750000000002
28.3825
40.162499999999994
49.207499999999996
49.353750000000005
47.21875
48.73125
50.3225
51.22875
49.85875
46.11749999999999
41.925000000000004
39.72624999999999
39.55125
41.512499999999996
42.724999999999994
39.92875
39.05
37.04625
29.90875
24.225
23.581249999999997
22.7725
20.52375
21.021250000000002
23.291249999999998
25.235
31.4
36.65
36.911249999999995
36.61
37.7325
35.53125
32.72375
32.9825
34.057500000000005
34.91
36.8875
37.173750000000005
38.62875
36.291250000000005
33.07625
34.1425
29.6925
27.8225
25.50125
22.998749999999998
19.18
19.715
27.10125
35.01
40.51625
42.716249999999995
45.785
49.265
46.1275
42.8025
43.41
42.2875
38.9725
41.525
46.07749999999999
43.84250000000001
38.985
34.52375000000001
37.18
40.65125
34.3075
28.4025
26.31
25.2175
24.34375
24.57
28.25875
34.1425
39.256249999999994
41.998749999999994
42.543749999999996
44.28
45.83375
43.153749999999995
40.5275
39.11625
36.12
35.04625
37.447500000000005
38.760000000000005
38.378750000000004
36.385000000000005
36.605000000000004
39.262499999999996
38.8275
32.5125
25.745
23.24
22.69375
22.4675
22.222499999999997
22.7
24.31875
27.535
29.1125
28.749999999999996
28.75875
26.42125
23.75875
22.5125
20.905
21.98375
24.9075
28.7175
31.1
31.21125
32.9125
35.72375
32.856249999999996
25.30625
21.663749999999997
19.31875
16.8825
11.571250000000001
4.9275
4.79125
10.954999999999998
16.32125
17.61
17.395
18.36125
19.785
17.3675
14.44375
14.06125
16.064999999999998
17.845
20.1125
22.5225
22.44625
26.77125
35.09125
34.573750000000004
30.017500000000002
24.134999999999998
22.03625
18.86625
19.443749999999998
24.50625
32.926249999999996
39.293749999999996
44.557500000000005
47.5625
47.5725
46.095
42.43375
40.13875
38.378750000000004
34.910000000000004
32.4675
33.988749999999996
36.9375
37.7075
33.3025
31.71875
32.655
31.4525
33.88125
29.23375
26.8625
24.888749999999998
25.6125
28.391250000000003
33.81
40.191250000000004
44.2675
47.099999999999994
48.35375
48.69875
46.637499999999996
44.54625
42.935
37.72625
37.096250000000005
37.02125
38.3025
38.14
36.99125
37.161249999999995
42.012499999999996
38.6875
29.195
25.24875
22.47875
20.9
24.3375
28.01625
33.91375
37.01625
36.636250000000004
36.58
37.1
36.717499999999994
35.8925
36.8225
35.868750000000006
34.50625
38.45
43.527499999999996
41.7575
40.88999999999999
40.3975
42.56375
46.13
41.8925
31.99125
29.81
27.16875
26.400000000000002
27.93875
31.683749999999996
39.13875
48.69624999999999
52.71125
52.793749999999996
53.792500000000004
52.8625
51.87125
50.8825
52.028749999999995
48.07
41.67375
41.6825
44.6775
46.118750000000006
43.525000000000006
39.730000000000004
38.99
36.0825
33.76625
32.31375
31.751250000000002
29.572499999999998
29.96375
33.8575
40.13125
45.47125
47.20375
46.6025
46.573750000000004
49.0625
46.8825
45.418749999999996
44.69125
43.8425
43.563750000000006
43.394999999999996
43.055
41.15375
40.4
39.966249999999995
41.6475
37.11875
29.137500000000003
27.02375
26.283749999999998
25.375
24.71375
24.467499999999998
25.486250000000002
28.753749999999997
34.06125
34.76375
33.78
33.45875
31.215000000000003
28.24875
25.912499999999998
25.05375
26.0125
28.605
31.521250000000002
33.6575
33.35
34.54
38.451249999999995
36.3
27.39375
21.55875
20.1175
18.0375
15.91375
15.19875
15.0725
15.15
16.5
19.340000000000003
20.15875
20.375
21.88125
20.665
19.75625
19.4125
21.22875
27.971249999999998
36.138749999999995
38.730000000000004
36.705
40.0025
45.76
40.353750000000005
31.904999999999998
28.35625
26.54
25.715
25.992499999999996
30.042499999999997
38.33625
45.62125
48.661249999999995
46.224999999999994
41.6025
40.14125
37.785000000000004
37.89375
36.9775
37.0675
38.99125000000001
39.4975
40.897499999999994
43.9525
43.1375
42.05125
41.31125
36.417500000000004
31.311249999999998
30.4525
28.75125
27.5425
28.45375
32.22
38.5
44.23374999999999
44.441250000000004
39.28875
38.71875
40.305
40.86875
41.197500000000005
40.8425
40.332499999999996
43.54125
49.44375
50.95375
47.45875
43.34
44.37375
45.27875
38.997499999999995
37.20625
32.026250000000005
29.962500000000002
27.947499999999998
29.17
32.32
37.832499999999996
42.75125
44.011250000000004
44.128750000000004
44.13875
43.88875
43.816250000000004
45.53
47.78875
49.855000000000004
53.23375
52.1575
52.777499999999996
50.30125
42.870000000000005
45.459999999999994
50.71375
43.8625
37.817499999999995
37.427499999999995
36.395
29.08125
28.73875
32.56
40.48375
46.76625
50.14375
55.78
54.67375
57.54625
61.775
64.84375
63.88249999999999
60.61
57.63374999999999
56.091249999999995
54.44624999999999
49.75625000000001
43.54375
46.97625
52.85125000000001
48.120000000000005
40.4375
34.4
36.2525
34.18375
33.46
39.99625
48.87625
54.37
57.3775
57.905
57.55
57.7325
56.235
56.5025
55.14625
53.75625
54.8125
59.60249999999999
58.34
56.833749999999995
55.165
55.0275
53.677499999999995
43.88375
35.06
31.474999999999998
31.408749999999998
31.20875
29.259999999999998
28.13
28.795
32.39875
36.496249999999996
36.99
33.3125
33.51875
33.7675
31.5325
31.51625
32.7575
36.8425
42.04625
44.04625
42.606249999999996
39.652499999999996
40.261250000000004
41.3975
37.442499999999995
32.143750000000004
29.630000000000003
28.87125
26.5225
23.42875
22.24
23.52375
25.7675
26.0875
26.39625
27.16375
28.3325
28.57875
26.60125
26.04
26.4275
27.651249999999997
30.441249999999997
33.066250000000004
34.3
34.995
37.61625
40.07125
34.146249999999995
27.48125
23.14375
19.356250000000003
17.7675
20.986250000000002
26.195
34.76
45.698750000000004
50.065
49.92625
48.862500000000004
49.5925
53.1075
56.815
59.528749999999995
58.79125
55.5625
50.59625
57.24375
65.01875
63.13375
60.693749999999994
58.83
52.89875
47.61125
40.106249999999996
37.4075
35.07
36.688750000000006
42.345
53.253750000000004
63.162499999999994
64.23125
60.685
57.10124999999999
57.24375
56.1625
54.347500000000004
53.423750000000005
52.61625000000001
52.46625
55.07625
57.1
54.57875
47.75
46.53124999999999
45.155
34.63625
28.285
28.361250000000002
27.762500000000003
25.514999999999997
25.15125
27.927500000000002
34.8225
39.175
41.59375
40.36375
38.449999999999996
43.845
48.6175
46.9875
43.271249999999995
35.95875
31.99
34.22375
40.58500000000001
40.67
38.80125
43.761250000000004
49.1675
40.67375
36.68875
32.68625
26.38125
21.0075
22.79375
29.723750000000003
42.2775
49.13249999999999
46.405
40.4875
40.25375
42.4275
44.91875
44.865
45.043749999999996
40.675
40.45625
38.543749999999996
40.385
45.497499999999995
43.07625
40.48375
45.896249999999995
42.82875
35.02875
29.295
26.33125
25.01125
24.285000000000004
27.03125
35.370000000000005
42.03625
40.5125
38.9875
38.15625
41.60124999999999
44.21375
44.855
44.805
41.62625
40.43625
41.7625
45.31375
48.722500000000004
45.762499999999996
45.675
45.7825
43.35875
40.24875
34.83125
31.55625
28.99625
28.725
29.419999999999998
30.87125
31.74
33.558749999999996
36.31875000000001
38.2725
39.4325
38.86125
35.324999999999996
32.475
29.2525
28.994999999999997
33.308749999999996
38.26875
39.95625
40.78875
43.4975
46.2375
42.3125
33.10625
29.4025
27.9425
27.183750000000003
26.7575
25.40625
24.6825
24.006249999999998
23.97125
22.69125
22.189999999999998
25.72
25.80375
23.09125
20.65
21.966250000000002
25.24125
28.423750000000002
32.17125
36.055
36.5875
37.87125
39.4275
36.14625
31.0025
28.159999999999997
26.083750000000002
24.861250000000002
25.89875
30.7975
38.809999999999995
43.368750000000006
44.61875
44.55375
46.86750000000001
51.20625
47.64125
45.402499999999996
46.11375
46.03625
45.60125
45.629999999999995
46.83875
46.12
43.69
42.3125
40.8525
35.87375
30.945
28.259999999999998
25.42375
20.3725
19.144999999999996
19.245
21.125
27.133750000000003
32.2225
37.54875
41.807500000000005
45.94625
48.00625
41.1075
33.5975
31.101249999999997
31.515
34.17125
40.737500000000004
46.4325
46.862500000000004
47.06
45.269999999999996
40.91
39.6775
32.3
27.95625
26.525
31.326249999999998
39.7325
48.0625
53.566250000000004
55.73875
58.32
58.37125
56.67625
50.32125
46.644999999999996
45.755
45.34625
47.190000000000005
52.3475
57.40625
57.582499999999996
53.98375
52.955
50.51125
44.0175
40.6025
36.185
33.88125
32.4425
35.01
39.94625
47.901250000000005
55.3425
54.1925
53.3625
53.37375
53.543749999999996
50.83
49.41125
48.10875
47.39
49.84875
54.508750000000006
55.94875
54.8125
52.61000000000001
50.93625
46.52374999999999
39.0225
36.2875
33.747499999999995
31.8225
29.983749999999997
30.378749999999997
33.97875
41.205000000000005
45.565
45.63875
45.18375
45.21750000000001
45.4075
46.2675
45.71
44.65
42.27125
40.85
41.49875
44.90875
45.6975
45.535
47.81375
48.01500000000001
44.34375
40.473749999999995
37.0025
34.39125
32.848749999999995
31.761249999999997
31.035
32.105000000000004
35.3675
38.805
40.051249999999996
37.28
38.20625
37.5125
35.765
34.87625
33.198750000000004
35.74375
40.07625
44.705
46.551249999999996
45.545
47.785000000000004
51.22875
47.525
41.92625
34.59375
30.236250000000002
28.2125
26.48125
25.43125
26.02625
27.98125
30.85
33.801249999999996
35.465
37.088750000000005
35.933749999999996
30.26
26.157500000000002
22.763749999999998
21.7275
23.935
28.6875
32.24875
33.0625
36.4575
39.32124999999999
37.45375
38.5625
33.504999999999995
28.07375
24.7025
24.69
29.902500000000003
40.25749999999999
46.19625
47.66
47.2675
49.39
52.1975
51.90125
51.676249999999996
49.75
48.60874999999999
50.065000000000005
50.56125
52.20625
53.76125
49.339999999999996
47.571250000000006
44.81875
41.282500000000006
38.26125
33.925000000000004
30.799999999999997
28.792499999999997
30.043750000000003
35.588750000000005
44.11375
51.395
54.573750000000004
52.59875
53.92375
57.26125
59.67999999999999
61.25875
62.5725
62.45625
64.0475
62.9
60.24
64.305
58.98875
55.62375
52.7
44.5925
37.747499999999995
36.871249999999996
34.2075
31.97
33.262499999999996
31.932499999999997
35.39625
52.401250000000005
55.26625
53.47749999999999
54.7375
52.57875
49.25124999999999
48.917500000000004
49.887499999999996
49.945
51.88125
52.082499999999996
51.087500000000006
51.2725
50.3425
49.965
46.92125
40.168749999999996
36.625
34.6
32.1325
31.1875
33.387499999999996
36.996249999999996
43.72125
50.21
52.238749999999996
53.76
52.28874999999999
55.07625
58.658750000000005
58.52375
57.0625
53.82125
51.72624999999999
51.583749999999995
52.47624999999999
54.33
54.8125
53.441250000000004
51.68
45.35124999999999
39.9525
35.75375
33.63625
32.6625
33.40625
37.36
47.56875
55.22
55.8225
55.6125
53.13875
52.3575
51.18125
49.51125
48.457499999999996
47.949999999999996
48.599999999999994
50.230000000000004
50.777499999999996
48.43625
44.868750000000006
42.96875000000001
40.4775
31.335
21.802500000000002
20.45625
19.142500000000002
17.38125
16.20125
15.4175
14.93375
15.96125
19.163749999999997
20.924999999999997
20.505
20.34625
20.56
19.6025
19.3175
19.4525
19.916249999999998
21.0125
22.9275
22.93
21.21
22.58875
25.400000000000002
22.88
17.662499999999998
16.515
15.425
14.325
14.2075
11.55
6.8637500000000005
8.79875
13.3475
15.0375
15.7225
15.5825
16.25875
15.95
14.70875
15.16375
17.4325
18.625
19.9875
21.384999999999998
21.177500000000002
22.47125
24.13625
23.7425
22.53125
18.928749999999997
15.86125
14.2425
15.196250000000001
17.74125
21.2225
26.97
31.51375
30.659999999999997
27.384999999999998
29.205
30.631249999999998
28.69
27.7275
25.08125
25.64125
28.29
30.42875
29.333750000000002
30.39625
30.825
29.065
23.7925
18.0575
15.97
13.621250000000002
11.3125
14.103750000000002
19.04
25.24625
29.65
31.127499999999998
30.7775
30.327499999999997
30.67125
29.41375
27.91125
26.55375
27.11125
29.11875
31.1725
33.365
33.230000000000004
31.9925
33.35
34.066250000000004
27.9
20.9075
19.560000000000002
16.881249999999998
15.736249999999998
17.08625
21.818749999999998
29.9525
35.9675
37.614999999999995
36.26125
35.682500000000005
36.480000000000004
34.23375
31.42
29.371249999999996
27.3825
27.20625
27.65375
29.41625
31.506249999999998
31.301249999999996
31.491249999999997
29.8625
23.13125
18.92875
19.825
18.8125
14.65125
16.076249999999998
20.40625
26.32875
33.80875
34.25875
33.004999999999995
31.46
31.28375
30.13375
30.05
30.881249999999998
30.99625
33.14125
40.41625
47.7775
46.33375
41.89
41.1
39.23
31.660000000000004
24.59125
23.20375
21.45125
19.37375
20.5775
23.69125
29.7575
38.28
38.67
37.813750000000006
36.887499999999996
36.19875
33.956250000000004
31.10125
29.427500000000002
28.8375
31.5475
36.7225
38.55
36.59125
35.72
35.785
35.57125
29.4625
24.63375
24.1125
24.2925
21.985
21.958750000000002
22.07375
22.5875
23.7625
25.169999999999998
25.5675
24.50375
25.22625
25.456250000000004
24.575
23.94375
24.83375
25.403750000000002
26.8925
31.091250000000002
31.888749999999998
30.27
30.9375
31.262499999999996
26.81125
20.436249999999998
18.84875
18.62625
16.49625
15.36625
15.68875
15.4175
15.628750000000002
15.8525
16.57375
17.48125
17.642500000000002
17.075
15.64375
13.840000000000002
13.3725
15.67625
18.616249999999997
23.548750000000002
25.57875
25.716250000000002
27.362499999999997
28.105
25.46125
24.2225
20.0675
17.2375
14.658750000000001
16.369999999999997
22.07125
25.4425
30.568749999999998
38.01375
36.66625
35.67
35.5775
35.93625
35.29
34.14125
32.72125
32.730000000000004
35.655
38.62375
38.75125
37.756249999999994
40.4225
38.8375
33.10125
30.215
27.451249999999998
25.70125
23.505000000000003
24.00875
28.552500000000002
33.29125
37.67875
37.51375
38.6425
43.17875
47.465
44.878750000000004
43.72
40.2525
38.142500000000005
39.33625
39.93375
39.925
40.03875
40.66
42.375
42.1325
35.63125
29.8225
28.55625
26.973750000000003
24.53875
24.9175
29.1
32.20375
36.69375
43.65625
42.23625
39.67625
37.5175
34.186249999999994
32.6575
32.63375
33.383750000000006
36.13375
39.283750000000005
43.8475
44.73875
42.48625
43.12
39.0325
32.88374999999999
29.38125
26.896250000000002
24.416249999999998
23.138749999999998
23.935000000000002
27.657500000000002
34.5525
40.982499999999995
41.7825
39.85249999999999
38.88
38.35875
38.0175
36.31125
34.97875
35.745
37.55
40.730000000000004
45.238749999999996
47.5175
45.08625
44.1575
41.205
35.92875
30.62375
28.56875
27.45625
25.761249999999997
26.075000000000003
29.23
34.67999999999999
39.1075
39.48625
39.0275
39.3775
38.71124999999999
36.26625
34.715
33.73375
32.02125
33.982499999999995
40.21875
42.92625
43.010000000000005
41.47
41.926249999999996
40.29625
34.57625
29.78
26.94875
25.8475
24.400000000000002
23.04625
23.865
26.391250000000003
28.91
30.528750000000002
30.2325
27.7125
27.158749999999998
26.595
25.0425
23.934999999999995
24.548750000000002
26.88875
30.462500000000002
31.56375
30.271250000000002
29.85
31.6625
32.775000000000006
30.842499999999998
26.873749999999998
24.814999999999998
23.631249999999998
22.66875
22.03875
21.807499999999997
21.705
21.88375
23.1275
24.378749999999997
25.488749999999996
26.153750000000002
25.44875
24.19125
23.78625
23.646250000000002
26.134999999999998
31.42125
36.682500000000005
36.2175
34.4375
37.61375
37.13125
31.724999999999998
29.32125
26.552500000000002
24.016250000000003
21.31625
21.40125
22.985
25.30625
28.74875
34.76375
39.84875
39.65625
39.66125
39.04875
37.28875
35.59
36.935
38.522499999999994
40.4775
39.06125
38.45125
36.838750000000005
37.03125
34.63
30.17625
30.3575
29.979999999999997
27.39
25.065
26.135
28.2725
32.40875
37.43625
38.129999999999995
41.64125000000001
45.61125
47.433749999999996
44.801249999999996
41.60875
40.1575
38.9675
38.16375
38.9125
41.62875
40.65875
41.089999999999996
41.95125
39.605000000000004
33.9575
29.775
28.415
27.565
26.70375
27.34125
27.63875
25.427500000000002
27.95125
33.4075
38.185
41.79
41.61625
39.675
38.02625
37.260000000000005
37.96249999999999
41.793749999999996
44.0525
41.82
43.2575
43.4
42.79125
36.945
29.838749999999997
28.75
27.44375
23.80375
19.145
18.725
25.08375
29.980000000000004
32.685
34.75125
36.24625
38.3725
37.98375
38.05
35.16
32.57625
31.740000000000002
32.756249999999994
33.96125
36.64875
36.41625
34.135
33.18125
33.16125
29.36375
26.9775
21.53375
18.14375
14.2125
16.29125
23.60125
26.251250000000002
28.5625
31.50125
32.5725
32.177499999999995
32.04875
32.131249999999994
31.685000000000002
32.1425
33.5875
35.425
35.46375
35.335
34.669999999999995
34.0075
36.18125
38.81
35.495
27.560000000000002
24.44125
21.7725
19.43375
19.44625
20.9725
22.628750000000004
22.973750000000003
26.5475
28.475
29.49125
30.775
29.9075
26.487500000000004
25.5075
25.81125
25.865000000000002
26.30125
27.3175
27.80875
28.168750000000003
30.496250000000003
32.34875
30.521250000000002
29.615
26.395
24.95375
22.925
21.63125
20.7775
19.38875
20.966250000000002
25.55875
26.33
30.13625
35.05625
37.475
32.05125
27.03875
23.1725
20.490000000000002
21.3725
22.41375
23.657500000000002
23.625
25.93875
28.95125
29.30375
27.981250000000003
24.675
23.9575
25.0625
23.97625
27.970000000000002
30.3525
36.644999999999996
46.9775
49.43125
50.625
49.8275
49.31125000000001
48.1875
45.2625
42.2325
41.44625
42.30375
44.966249999999995
45.011250000000004
44.55875
42.443749999999994
38.015
31.426250000000003
25.4525
24.27
21.7
18.36625
19.6875
25.915
30.71
34.31875
37.665
37.7675
37.525
36.879999999999995
36.332499999999996
37.11625
36.981249999999996
37.798750000000005
38.932500000000005
41.68
44.435
44.41625
43.95375
44.75
42.605000000000004
37.8925
33.35125
30.82
27.126250000000002
23.9125
25.325
28.62875
33.9625
39.5
44.735
45.76875
45.64875
45.07625
43.33375
42.388749999999995
41.6425
41.926249999999996
41.1475
40.6025
43.002500000000005
44.426249999999996
42.9025
41.58
39.59875
35.08375
30.39875
26.942500000000003
24.455000000000002
19.691249999999997
18.11375
23.98375
27.8625
30.005
34.1825
38.635000000000005
38.29375
38.4375
38.43375
37.34375
36.087500000000006
33.72125
33.385000000000005
36.47625
40.5
41.4525
40.13375
40.18125
37.65625
32.0325
29.215000000000003
28.16875
24.7775
22.183749999999996
23.47
26.80875
29.64625
31.90625
32.761250000000004
32.09625
30.5325
30.7225
30.59125
29.67875
28.90875
27.94875
28.405
30.1575
32.051249999999996
32.74
32.11625
32.95625
35.91625
36.83875
37.2025
34.46
31.028750000000002
26.4825
25.94
27.933749999999996
30.87375
30.470000000000002
28.17125
30.526249999999997
32.589999999999996
31.717499999999998
29.74
26.78125
25.88375
26.32625
28.995
34.8225
39.58875
40.42
39.5225
37.855
34.305
28.037499999999998
21.348750000000003
18.25875
16.5775
15.4225
14.81625
14.69125
15.50125
16.4675
17.16
16.9175
16.61
17.243750000000002
17.252499999999998
14.637500000000001
11.23
11.420000000000002
13.9875
17.02375
21.86125
26.38375
29.98625
31.67375
30.69625
27.552500000000002
26.59375
22.35375
18.015
15.36
17.792499999999997
24.407500000000002
33.241249999999994
38.88125
40.7975
39.88625
42.1025
45.9425
43.92
43.76375
41.13375
38.9075
38.45875
38.30375
38.20125
34.2675
28.95625
27.622500000000002
25.205
20.21375
18.29375
18.36375
15.391250000000001
11.79875
14.091249999999999
20.316250000000004
28.83625
35.73125
40.485
44.66875
45.2875
44.05
42.32749999999999
38.448750000000004
34.195
31.754999999999995
31.12625
33.1175
37.43625
39.393750000000004
37.76375
35.1825
31.763749999999998
28.182499999999997
25.9075
23.518749999999997
22.19
19.0825
20.013749999999998
26.478749999999998
34.0025
38.84125
37.795
34.7425
33.746249999999996
34.0475
32.065
30.565
29.278750000000002
29.925
33.685
39.345
43.353750000000005
43.8275
41.165000000000006
37.345
33.6425
28.94
23.08625
22.191249999999997
21.532500000000002
21.075
22.7675
27.0775
31.61375
34.0525
36.7925
39.0125
40.917500000000004
43.20625
43.3425
43.245
43.63250000000001
42.57125
40.621249999999996
41.2675
42.381249999999994
43.03875
42.27
40.8625
38.79625
35.0475
33.17625
31.73375
31.06375
29.932499999999997
29.51875
35.675
44.33
49.49875
51.64874999999999
50.89375
50.30375000000001
49.504999999999995
46.46
43.72
41.07125
40.9
43.53375
47.36125
49.6525
49.587500000000006
49.041250000000005
47.497499999999995
43.167500000000004
41.1725
40.2275
34.7375
30.71625
28.03125
26.6375
28.185
29.79625
31.332500000000003
34.3575
35.735
33.4225
33.6325
33.502500000000005
30.487499999999997
29.49375
29.72875
31.330000000000002
36.089999999999996
40.870000000000005
42.68625
42.65375
41.8375
39.910000000000004
34.536249999999995
28.808750000000003
24.885
22.7375
21.018749999999997
21.35125
20.8175
20.528750000000002
21.96
23.49
22.50375
23.13375
25.03
25.84375
23.057499999999997
22.61
21.92625
22.794999999999998
28.18125
34.8125
38.471250000000005
40.427499999999995
40.24375
37.82625
33.769999999999996
29.52375
26.84375
23.48625
22.146250000000002
25.304999999999996
34.76125
44.2475
46.5325
45.23375000000001
43.103750000000005
44.75875
45.489999999999995
47.48625
49.660000000000004
45.08375
44.8325
43.185
42.973749999999995
45.653749999999995
45.91625
43.89
41.599999999999994
39.795
37.32
34.136250000000004
32.753750000000004
28.361250000000002
24.146250000000002
26.24875
34.155
44.8725
49.73
50.13625
51.04625
51.9225
50.53125
47.89
46.24875000000001
44.58875
43.675
43.94375
45.755
46.9925
47.09375
45.07
44.04625
42.2975
38.11375
34.77375
32.15875
29.785
26.86
28.082499999999996
33.465
41.192499999999995
44.86625000000001
44.48875
43.56375
43.897499999999994
44.29125
43.261250000000004
42.4375
42.27375
42.46375
44.136250000000004
47.22625
51.89375
54.432500000000005
51.31
45.905
41.96625
38.785000000000004
33.9875
31.103749999999998
28.03125
26.93875
28.19625
33.97125
44.650000000000006
50.75749999999999
50.981249999999996
48.807500000000005
48.14875
47.90875
46.28875
44.473749999999995
43.65625
42.22375
42.404999999999994
44.36749999999999
46.33625
48.837500000000006
47.64875
44.176249999999996
40.2975
36.3025
34.651250000000005
32.059999999999995
28.70625
26.155
27.126250000000002
32.271249999999995
41.232499999999995
47.192499999999995
47.282500000000006
46.045
44.5775
41.9425
40.338750000000005
38.365
36.4375
34.2975
34.9525
36.925
39.169999999999995
41.458749999999995
40.651250000000005
36.800000000000004
34.847500000000004
33.241249999999994
31.34875
29.3925
26.697499999999998
24.00375
23.507500000000004
25.19375
27.1725
29.638749999999998
30.51
31.81875
31.666250000000005
32.8025
32.19375
28.869999999999997
26.162499999999998
25.76
27.846249999999998
29.057499999999997
30.903750000000002
31.95375
32.34875
33.1025
34.0
29.40125
20.806250000000002
16.78625
14.10875
10.185
8.328750000000001
9.2275
9.6075
10.3375
12.86
14.559999999999999
16.80125
18.810000000000002
16.681250000000002
9.87625
4.20375
4.84125
9.2225
18.5025
25.8175
31.1875
35.88375
35.506249999999994
35.05125
29.70125
22.1425
19.31
19.68625
15.94
16.70875
24.087500000000002
35.63125
42.519999999999996
44.337500000000006
45.34875
44.23375
44.589999999999996
43.86
42.838750000000005
41.045
38.527499999999996
38.92
41.33875
45.153749999999995
47.567499999999995
45.67625
41.435
37.519999999999996
34.11875
32.05625
29.11625
24.158749999999998
22.105
23.995
32.1775
42.182500000000005
46.0775
46.370000000000005
44.387499999999996
41.09375
41.8575
41.925
40.207499999999996
39.00625
37.621249999999996
38.792500000000004
41.93
45.69875
47.0175
45.71125
41.36
37.50875
35.05875
31.955
30.51125
27.55
25.808750000000003
26.6375
32.585
41.241249999999994
45.03375
45.12375
43.14
41.59125
39.72625
37.9175
36.73875
36.199999999999996
36.44125
38.5
42.34125
44.269999999999996
45.16625
44.28
39.7675
35.7725
35.51875
33.88
29.830000000000002
27.7575
25.613750000000003
26.452500000000004
33.0325
42.150000000000006
46.19875
46.35125000000001
45.17125
44.261250000000004
42.00625
39.8375
39.76
41.2575
39.5825
39.2325
42.21375
43.82875
44.754999999999995
42.40625
39.158750000000005
37.620000000000005
33.805
31.14
29.94625
28.462500000000002
26.5325
24.308750000000003
27.14875
38.00125
45.99250000000001
46.21625
43.33375
40.33625
41.125
43.4525
42.84125
40.68375
37.74875
39.17125
42.683749999999996
46.155
48.1475
47.073750000000004
45.1075
45.98875
41.964999999999996
33.875
31.44625
28.091250000000002
25.347500000000004
25.66625
26.2575
29.472499999999997
34.253750000000004
39.2675
40.4425
38.88875
39.66875
38.4575
35.275000000000006
32.77875
28.650000000000002
30.173750000000002
36.035
39.99375
41.225
40.260000000000005
39.67375
40.51625
37.98
31.82
26.29875
25.53375
24.279999999999998
24.21875
24.406249999999996
26.03
26.064999999999998
26.27625
26.8575
27.93125
28.71625
27.302500000000002
25.46875
22.5625
20.255000000000003
21.962500000000002
26.56
32.962500000000006
38.79125
41.47625
40.262499999999996
39.58
35.72625
28.265
24.057499999999997
22.292499999999997
22.041249999999998
24.4575
29.93875
41.045
46.57875
47.33125
46.940000000000005
47.02375000000001
47.9575
45.61875
43.393750000000004
42.69625
40.857499999999995
39.63875
40.41125
41.863749999999996
43.28
41.94125
37.348749999999995
33.92875
26.812499999999996
17.89125
16.17
13.584999999999999
13.20875
15.71
23.72125
36.81375
45.38250000000001
46.042500000000004
46.67625
46.4125
45.724999999999994
44.85125
44.145
41.448750000000004
40.0575
41.0175
43.16
45.051249999999996
47.53
46.383750000000006
41.6575
38.6925
35.426249999999996
30.055
24.04125
23.92125
22.30625
21.88625
30.4375
42.405
49.10375
52.10875
50.83624999999999
48.98875
48.40625
45.29875
42.53874999999999
39.4675
36.75375
36.83125
38.85375
40.115
41.23125
37.528749999999995
33.01125
30.333750000000002
23.87625
18.66125
15.45375
15.921249999999999
13.426250000000001
13.221250000000001
20.8075
32.67
39.7275
40.79375
44.6625
46.6025
47.35374999999999
47.86625
47.865
45.177499999999995
42.3825
40.19125
41.71625
44.465
44.81375
42.65
39.51125
38.956250000000004
34.43125
24.76125
22.412499999999998
21.786250000000003
20.445
22.950000000000003
28.746250000000003
39.49375
48.56
50.458749999999995
48.20625
45.815
43.68875
40.4125
37.3625
36.78125
38.877500000000005
41.7725
45.12375
47.54375
48.46874999999999
45.99875
40.871249999999996
35.17999999999999
30.652500000000003
27.775
25.77375
23.3075
21.72375
24.23625
24.9525
25.8125
29.25
32.75
33.925
33.785000000000004
33.1825
31.04625
28.29875
26.83375
26.75875
27.7
31.402500000000003
38.80375
44.24374999999999
43.48
39.8475
36.125
31.27125
25.10125
20.9125
16.335
12.36375
14.745000000000001
18.466250000000002
19.52375
20.39125
21.83625
22.14875
22.22125
22.7775
23.27875
21.410000000000004
18.9575
17.6525
18.60125
25.011250000000004
31.876250000000002
37.6175
36.893750000000004
34.778749999999995
33.375
31.64625
30.0125
26.2425
23.6775
22.6025
24.72375
33.698750000000004
47.11125
52.15
51.553749999999994
48.198750000000004
43.16
43.291250000000005
42.6475
38.7675
36.5175
37.53875
41.97625000000001
46.4975
49.95625
52.46125
49.082499999999996
42.347500000000004
39.150000000000006
35.183749999999996
31.24875
28.662499999999998
24.856250000000003
18.525
21.20875
33.255
43.59625
51.9
55.34375
56.99875
54.456250000000004
51.845
49.5825
48.64125
46.45375
43.36125
42.207499999999996
41.699999999999996
43.67375
48.815000000000005
49.28000000000001
44.48499999999999
43.77375000000001
42.526250000000005
38.12625
31.57
29.185
28.017500000000002
30.28125
38.70125
50.73125
58.5825
63.498749999999994
61.42
57.72625
54.91
51.56625
50.01875
50.07625
49.95625
50.1
50.50875
53.36125
57.17125
54.051249999999996
46.94
44.59875
43.791250000000005
40.68875
37.682500000000005
33.86125
26.6025
27.833750000000002
33.29
42.36875
54.37875
56.30625
53.4075
50.7275
48.08375
46.45
46.04125
46.9425
47.04625
47.35
49.02625
52.70250000000001
55.74250000000001
52.3775
46.66875
45.46875
42.145
37.07625
33.816250000000004
30.948749999999997
29.885
30.9125
36.95
47.565000000000005
54.377500000000005
55.8025
54.47125
51.426249999999996
49.0475
45.955000000000005
45.09375
45.563750000000006
45.70875
45.38625
47.585
50.87625
53.3475
52.236250000000005
47.376250000000006
46.66625
44.473749999999995
41.300000000000004
38.552499999999995
34.5425
31.57625
31.017500000000002
31.41375
35.34
41.11375
43.46875
44.63
41.824999999999996
39.95375
38.129999999999995
35.34375
33.19375
32.05
34.25
40.61
46.035
50.19125
47.071250000000006
41.16875
40.816250000000004
39.27125
36.92625
34.39875
31.884999999999998
28.39
27.025
29.08
30.580000000000002
30.24125
31.1475
31.56125
30.971249999999998
33.30875
33.69875
26.946250000000003
20.63125
20.4425
25.83625
34.6025
44.1625
49.815000000000005
48.353750000000005
43.75625
41.6875
38.58875
34.535
30.00625
28.2325
25.71875
28.4925
38.595
48.6675
54.027499999999996
54.912499999999994
54.135
52.785000000000004
49.178749999999994
45.2725
46.238749999999996
47.192499999999995
46.0025
46.045
46.25750000000001
52.713750000000005
55.3575
49.941250000000004
45.330000000000005
43.76875
41.65625
37.60625
32.405
29.947499999999998
27.9625
30.200000000000003
37.81875
47.285000000000004
54.39
56.87375
54.90375
50.31125
47.53625
44.70625
42.713750000000005
40.26625
39.0475
37.6425
39.56
46.464999999999996
50.503750000000004
45.385
40.6325
41.16375
39.64125
35.22875
29.10375
27.77375
27.2375
28.331249999999997
35.1925
46.998749999999994
54.425
53.16374999999999
47.86
44.65125
43.373749999999994
41.62375
38.268750000000004
36.708749999999995
34.04625
37.31
45.63125
53.0
55.521249999999995
49.665
45.721250000000005
42.99875
40.35375
35.82625
31.04125
30.09
29.237499999999997
30.701249999999998
37.4075
49.10625
57.14750000000001
55.295
46.81875
42.6175
42.555
42.16
37.36125
34.36625000000001
35.21125
39.417500000000004
47.13875
55.10625
58.75
51.23125
44.23
42.565
42.4125
42.347500000000004
39.67
35.69
31.44625
33.6625
40.005
48.519999999999996
56.824999999999996
56.7525
52.53625000000001
54.3425
52.84125
49.622499999999995
47.548750000000005
46.39375
43.91875
43.59875
45.962500000000006
50.68750000000001
52.76125
48.48625
48.02625
47.262499999999996
42.32375
36.682500000000005
33.46875
31.23375
28.2375
27.514999999999997
30.14125
34.94
38.433749999999996
40.177499999999995
43.15
42.57625
41.73125
40.896249999999995
39.27125
37.857499999999995
35.5325
33.128750000000004
36.243750000000006
42.816250000000004
46.8675
44.605000000000004
41.30875
41.4625
40.86625
39.198750000000004
37.0325
34.295
31.86625
29.896250000000002
30.8375
33.74250000000001
35.550000000000004
37.0475
38.40625
38.96625
38.4125
36.875
32.903749999999995
28.54
26.471249999999998
27.825000000000003
35.055
42.92125
48.4
48.995000000000005
44.91875
41.06875
36.695
33.4275
30.740000000000002
28.7525
26.438750000000002
27.358750000000004
34.307500000000005
45.605
51.89625
52.903749999999995
52.46625
50.66
48.2
46.363749999999996
45.01375
42.50125
41.12375
42.59125
44.793749999999996
47.59375000000001
50.317499999999995
43.771249999999995
35.81625
34.893750000000004
35.063750000000006
31.643750000000004
28.391250000000003
26.15625
24.1225
24.6875
29.73375
39.235
46.661249999999995
48.8375
49.90875
49.008750000000006
48.04
47.32
45.5125
43.6375
41.375
40.20625
41.191250000000004
44.442499999999995
47.6075
43.17125000000001
37.6225
38.611250000000005
35.47625
28.1775
24.773750000000003
23.84375
23.52875
24.635
29.275
39.3175
48.561249999999994
49.958749999999995
49.5325
49.00125
48.4225
47.345
46.64625
45.943749999999994
45.29375
44.777499999999996
47.18
52.1975
54.81625
49.675
45.59375
44.4375
40.85625
35.07375
31.977500000000003
30.527499999999996
30.182499999999997
31.735
39.15875
49.94375
57.252500000000005
60.3275
60.38625
57.95625
54.6725
51.93125
50.94875
50.57000000000001
50.1375
50.63374999999999
53.3025
62.256249999999994
67.2025
53.28125
44.806250000000006
43.43125
40.50875
36.0025
33.558749999999996
31.355000000000004
30.2575
31.339999999999996
37.97625
49.942499999999995
57.565
61.025
58.78375
54.28
52.150000000000006
49.70625
47.425
46.18875
44.91125
45.2975
47.747499999999995
51.765
53.4975
46.43875
40.760000000000005
41.88375
40.9025
37.60000000000001
33.84125
31.637499999999996
30.2
30.3475
32.3975
36.5925
41.068749999999994
44.6875
46.25
43.728750000000005
40.878750000000004
38.355
35.01375
31.821250000000003
30.463749999999997
33.346250000000005
38.70125
46.495
49.34375
41.54
38.275
39.825
38.58375
36.605
32.26875
27.689999999999998
22.887500000000003
21.6825
23.26875
26.30125
28.689999999999998
29.645000000000003
30.626250000000002
30.103749999999998
33.48125
34.00125
24.34375
17.208750000000002
17.926250000000003
24.17625
33.915
43.23625
48.64125
43.8475
41.66
41.39375
38.23875
31.60875
27.77875
25.9175
23.76625
26.130000000000003
34.9375
46.018750000000004
50.84375
52.260000000000005
52.05625
49.70375
47.91875
46.416250000000005
46.44375
46.99625
46.82125
46.855000000000004
49.61125
58.4075
63.04125
53.622499999999995
48.40625
47.45625
43.9375
38.88625
35.338750000000005
31.151249999999997
28.9375
30.043750000000003
36.316250000000004
47.861250000000005
55.15
56.056250000000006
54.9475
54.4225
52.9625
50.30375
48.272499999999994
45.34375
43.099999999999994
45.47
50.3225
56.9025
59.0775
51.9075
47.36125
45.0075
41.462500000000006
39.84375
38.9125
37.28875
34.8075
35.39375
41.2375
51.14625
62.02125
67.71125
69.57875
66.065
60.057500000000005
54.6975
53.77499999999999
53.04
51.98375
52.153749999999995
54.236250000000005
60.96000000000001
64.72125
55.18875
50.279999999999994
48.650000000000006
43.45
38.515
38.1625
35.2675
32.197500000000005
32.616249999999994
39.365
50.57625
59.302499999999995
63.207499999999996
64.43875
61.89375
59.90875
59.23375
57.9125
55.56
53.45
53.1
54.855000000000004
63.17999999999999
69.66749999999999
61.1
53.73625
52.99625
50.64625
47.27125
43.98
40.82625
38.5675
39.3575
45.557500000000005
57.7825
70.88125000000001
73.1075
68.66125
65.015
61.76
58.85875
56.525000000000006
54.91
54.1
53.81375
56.9325
66.905
73.5225
59.76
51.595
51.568749999999994
48.06625
43.5775
41.16375
40.2575
37.488749999999996
36.005
38.26125
41.1425
44.415
47.19875
48.18625
47.8375
47.291250000000005
45.903749999999995
41.605000000000004
38.917500000000004
38.7425
40.4625
44.925
51.496249999999996
54.64
49.7125
44.192499999999995
42.91375
42.95125
41.40375
40.46125
38.12625
33.85375
30.955
33.2125
38.004999999999995
38.75625
38.23625
41.425
42.44625
42.464999999999996
42.56375
39.368750000000006
35.21
34.10375
36.573750000000004
42.2775
50.66875
54.4225
49.94375
46.71125000000001
44.68125
42.504999999999995
41.52625
38.17375
35.458749999999995
32.49625
34.2825
41.731249999999996
52.9725
62.37625
67.58
67.36625
63.011250000000004
61.3625
59.84625
58.81375
57.595
57.5325
56.998749999999994
57.9575
68.93
75.86874999999999
59.755
53.793749999999996
51.357499999999995
46.622499999999995
42.9525
41.05625
39.73375
38.67125
38.51
42.3675
52.5675
64.58625
67.08125
65.15
61.9475
58.721250000000005
55.24375
54.224999999999994
54.07125
53.306250000000006
53.785
56.57
67.24125000000001
70.465
55.059999999999995
51.63875
49.565
45.017500000000005
40.9925
39.805
38.175
36.3125
36.7275
40.835
50.53125
62.24999999999999
66.79125
62.23
58.095
55.9875
53.50000000000001
52.185
51.791250000000005
51.90875
52.28375
54.9375
63.89125
68.53750000000001
57.13374999999999
51.9375
49.535000000000004
46.76
41.48375
38.18625
34.89375
30.1575
31.137499999999996
39.447500000000005
48.574999999999996
56.087500000000006
56.825
56.13375
55.17875
54.55624999999999
52.605
50.775
50.1625
50.42
51.9025
53.971250000000005
59.071250000000006
60.862500000000004
53.2525
50.239999999999995
49.935
47.59625
44.04
41.0875
38.802499999999995
37.40375
38.13125
43.239999999999995
52.9
61.815
64.24374999999999
61.855
58.4425
55.1
51.13999999999999
48.6625
48.16875
47.445
47.886250000000004
51.456250000000004
57.69624999999999
59.381249999999994
52.783750000000005
49.785
48.887499999999996
45.25625
41.0775
38.6975
36.78875
32.10875
30.471249999999998
32.24250000000001
36.0825
40.85875
45.932500000000005
46.3125
44.35125
42.3125
40.84875
38.64875
35.973749999999995
34.5825
36.015
40.495000000000005
46.36
45.60249999999999
38.21
36.85
40.02
40.806250000000006
41.40625
33.15125
25.35875
25.134999999999998
24.7925
26.618750000000002
28.681250000000002
31.75875
33.66625
34.38125
36.68375
40.54875
39.412499999999994
35.26
31.1575
33.61875
40.325
49.72375
53.54
50.90625
45.338750000000005
42.125
42.54
41.09375
38.93375
35.73375
32.683749999999996
31.33
32.99375
38.445
47.425
53.6625
54.37500000000001
53.15625
51.09375
48.905
48.175000000000004
50.16499999999999
49.66374999999999
48.45249999999999
50.521249999999995
55.64125
59.16625
58.34625
53.75875
50.1375
47.88125
43.00625
39.575
35.13875
31.543750000000003
28.698750000000004
29.731250000000003
34.12125
42.182500000000005
48.24875
50.377500000000005
49.20625
48.41375
49.02875
50.85625
51.6625
52.34125
50.886250000000004
51.025000000000006
55.150000000000006
56.94125
56.56
53.526250000000005
48.58
44.587500000000006
39.30375
34.397499999999994
30.876250000000002
29.855
29.691249999999997
30.7625
33.707499999999996
41.74
49.845
54.90375
56.36125
58.739999999999995
60.24375
58.46125000000001
57.30625
53.81125
52.8275
55.23
65.04750000000001
70.1975
62.5725
54.2475
50.39875000000001
47.89375
43.715
38.93125
37.24250000000001
35.005
33.63125
34.63875
39.144999999999996
48.17
54.39875
56.34875
56.62125
55.935
54.910000000000004
54.033750000000005
54.588750000000005
55.214999999999996
55.125
58.472500000000004
69.89875
73.66
60.83875
52.48125
49.276250000000005
46.438750000000006
42.09625
38.19375
35.495
34.207499999999996
34.02
35.055
39.112500000000004
46.416250000000005
53.19375
54.625
53.25
51.010000000000005
47.96875
45.3875
44.878750000000004
45.3
46.691250000000004
49.19375
52.64125
53.48125
51.975
48.39375
44.875
41.40625
36.975
34.536249999999995
30.745
28.58625
28.235
28.54625
29.7525
32.53875
36.3625
38.1775
38.705000000000005
37.6575
36.7975
35.292500000000004
33.5375
34.6725
38.0625
41.958749999999995
47.13
49.775
47.355000000000004
42.41
40.19375
39.55625
34.79125
30.136249999999997
28.318749999999998
26.2425
24.73875
25.278750000000002
25.8725
26.44375
26.253749999999997
26.65
27.345
27.588749999999997
28.00875
27.95875
27.4075
26.09625
24.331249999999997
27.03125
36.33625000000001
47.146249999999995
48.8925
44.050000000000004
38.8375
35.35875
31.10625
26.93875
24.89875
24.14
22.825
25.315
32.06625
42.8375
48.62625
47.875
46.4575
44.58
44.86125
44.49125
46.635
49.11875
48.8075
52.9275
61.45875000000001
65.58375
58.0375
46.61625
38.361250000000005
37.925000000000004
36.355
33.362500000000004
31.901249999999997
30.765
30.244999999999997
31.41875
35.145
43.5925
49.75375
48.59499999999999
46.2
46.73875
48.00750000000001
48.07
48.61375
49.475
50.04875
53.335
60.8275
64.49749999999999
54.786249999999995
47.550000000000004
49.25
46.443749999999994
41.067499999999995
37.55875
36.2825
30.483750000000004
29.679999999999996
30.73375
36.8825
46.19125
49.16625
48.97625
48.003750000000004
48.5
48.36625
48.276250000000005
48.129999999999995
49.61125
53.36875
58.07
63.425
62.63375
58.037499999999994
49.4625
41.78375
42.885000000000005
42.09
39.923750000000005
38.34
35.526250000000005
31.916249999999998
32.49125
36.6625
45.95625
53.3525
54.65625
53.6625
51.39125
49.38125
48.435
49.35875
50.56
52.5125
54.415
60.9975
64.9
53.69625
43.068749999999994
38.48875
40.418749999999996
36.38875
31.276249999999997
34.6825
31.647499999999997
26.978749999999998
29.355
36.739999999999995
43.771249999999995
46.85875
45.605
44.21
44.65875
44.3775
42.037499999999994
37.93625
37.30125
38.5475
41.986250000000005
46.082499999999996
45.71375
42.04125
39.19
38.082499999999996
41.0025
39.237500000000004
32.2325
27.513749999999998
24.61625
23.18625
24.509999999999998
25.795
27.0975
30.476249999999997
33.8375
36.42875
37.275000000000006
38.248749999999994
37.83375
35.31875000000001
32.61125
31.7875
35.4325
42.6225
43.8825
39.2175
34.2075
34.455
38.363749999999996
40.025
37.706250000000004
32.27875
28.802500000000002
24.485
21.375
23.358749999999997
25.77125
25.96125
27.582500000000003
30.738750000000003
32.02125
31.403750000000002
31.264999999999997
30.113750000000003
30.12875
31.581249999999997
33.89
40.83125
47.102500000000006
41.527499999999996
33.62375
29.67125
27.151249999999997
22.63125
20.72
20.22875
19.692500000000003
19.217499999999998
20.46625
28.166249999999998
42.66875
50.9825
48.71125000000001
46.1925
40.947500000000005
37.025000000000006
36.23875
36.46625
36.98625
36.18125
39.9025
47.3225
51.97125
49.83500000000001
40.661249999999995
37.91625
41.44
36.808749999999996
31.3925
27.56875
25.4625
22.069999999999997
23.50375
29.596249999999998
39.977500000000006
49.73875
49.713750000000005
49.03375
48.74
48.29125
45.28249999999999
40.3475
41.5025
45.5425
48.77375
53.1825
54.76375
51.86875
43.5825
36.43
38.8475
38.94625
35.71125000000001
31.7525
26.8275
24.041249999999998
24.52125
28.91125
35.40625
38.86
38.81125
38.69875
38.87125
39.205
36.989999999999995
35.13
35.12875
36.74875
42.38
50.26375
51.17125000000001
45.99375
38.715
34.76
35.69
36.36625
33.52
28.47125
25.8975
24.415
28.115
37.167500000000004
50.36125
57.80625
59.64
58.2625
56.83875
55.13
50.56125
49.089999999999996
47.9675
46.23375
53.14875
65.9525
66.70375
56.81375
45.197500000000005
38.895
37.46875
38.6625
36.205000000000005
33.41125
30.9425
27.0875
27.243750000000002
33.30625
40.7525
45.802499999999995
45.97
43.74125
42.4175
43.348749999999995
43.11125
36.7975
34.31875
33.989999999999995
37.60375
45.09375
46.1975
42.5825
41.434999999999995
37.28
35.9475
38.35375
40.55625
38.30625
35.8975
30.846249999999998
28.63125
31.612499999999997
37.65
42.71875
44.131249999999994
45.4875
43.71
41.6075
41.51875
38.125
34.51875
33.20625
37.68875
46.125
45.65
41.463750000000005
40.52875
43.3575
41.181250000000006
36.585
35.71875
32.01
28.027499999999996
24.435000000000002
21.165
23.86125
28.8725
29.84375
28.6775
32.30375
33.49250000000001
32.85
30.63125
28.0125
26.451249999999998
26.607499999999998
30.25
40.05
47.86625
50.9775
43.521249999999995
40.3275
45.36
36.080000000000005
27.1325
23.0475
21.1425
20.98375
22.235000000000003
26.7725
38.0
46.3775
44.2175
40.8
39.8525
38.5925
39.019999999999996
37.949999999999996
39.072500000000005
41.52375
45.91125
54.9275
59.966249999999995
52.254999999999995
39.1075
35.0875
36.5725
33.826249999999995
26.8375
24.916249999999998
22.78125
21.8125
23.8575
27.67625
34.822500000000005
41.0375
39.41
40.5775
40.94875
41.02
39.91375
38.470000000000006
37.03125
37.125
40.29625
43.24125
42.455
38.595
32.7625
33.23375
38.2775
40.54875
41.43125
36.510000000000005
29.4075
23.732499999999998
26.661250000000003
34.57625
43.7475
53.75375
55.08749999999999
54.34875
51.04125
49.09125
47.20375
44.63625
40.85375
37.49
43.9825
53.94500000000001
56.4375
51.33375
42.300000000000004
39.815
39.7
36.32375
31.5775
29.931250000000002
25.6725
22.3225
24.7075
32.1275
40.86875
46.88249999999999
49.61125
50.8125
53.335
52.167500000000004
51.521249999999995
50.213750000000005
46.92
42.43875
44.4975
50.28249999999999
50.3025
45.48375
36.418749999999996
34.842499999999994
38.1425
33.86125
28.415
25.9675
24.3325
24.7325
25.831250000000004
31.94625
41.794999999999995
43.85249999999999
46.97125
46.1225
45.64125
47.331250000000004
47.2275
46.23
45.36625
44.95625
47.35
50.685
49.3125
43.974999999999994
39.338750000000005
36.335
36.25625
32.072500000000005
27.39375
24.23375
22.7925
22.33125
22.385
22.808749999999996
24.520000000000003
28.21875
32.18125
35.661249999999995
36.20625
34.9325
34.19375
32.37375
31.229999999999997
32.0575
36.70625
43.59625
44.1875
43.805
43.300000000000004
40.49250000000001
38.995
35.949999999999996
33.04625
28.0575
24.345000000000002
22.831249999999997
22.65625
23.24875
25.17125
30.47
37.293749999999996
38.7075
38.512499999999996
39.36
38.276250000000005
34.89625
34.2025
34.9625
37.36375
45.067499999999995
55.32125
56.778749999999995
47.97875
42.5725
43.95
45.228750000000005
46.86125
41.12875
37.33125
33.907500000000006
35.887499999999996
44.443749999999994
58.948750000000004
72.16000000000001
73.33875
69.24624999999999
64.32125
62.40625
62.48375
61.8625
61.80625
65.87
85.34
114.76
115.97875
93.9175
73.19
63.68125
59.84125
54.002500000000005
46.48125
44.8
44.21125
42.55875
42.39625
48.51625
59.42
66.01374999999999
67.95875000000001
67.9075
66.5025
65.3925
64.575
63.99375
63.96625
63.075
64.15875
84.41625
98.21
70.99875
59.188750000000006
50.8
51.9125
47.1725
43.0375
40.64125
37.96875
34.17125
33.9675
42.51
53.712500000000006
61.695
63.0025
65.88
69.0325
67.32875
65.25
60.415000000000006
55.92999999999999
52.44875
56.59125
74.94874999999999
84.01000000000002
65.26875
58.61000000000001
53.17375
48.74375
45.837500000000006
39.02375
35.068749999999994
31.54625
30.70625
32.75
41.48
56.79875
66.07374999999999
66.88374999999999
62.47875
61.71375
60.9225
57.24375
59.44375
64.3
65.07625
72.16624999999999
89.55
91.01875000000001
72.06625
60.736250000000005
56.103750000000005
51.78375
46.15
40.775
40.205
38.136250000000004
34.768750000000004
35.815000000000005
41.63375
51.705
61.76125
63.93374999999999
64.48750000000001
62.34625
59.24250000000001
58.70125
58.60625
58.45
56.7
59.49375
65.49249999999999
67.0475
64.9875
60.4275
54.49
50.526250000000005
42.10375
34.216249999999995
33.83625
32.4975
26.932499999999997
26.39875
31.10875
36.19375
38.335
40.959999999999994
46.853750000000005
48.64125
45.92125
44.39125
39.272499999999994
33.33125
34.51625
38.355
44.02375
43.67875
38.375
32.82875
31.087500000000002
37.305
42.001250000000006
37.1075
36.03
29.321250000000003
21.41375
15.0375
11.21625
15.855
19.375
20.51625
27.24125
34.105
38.1175
37.48375
28.83375
25.19
28.13875
33.552499999999995
42.02875
45.705000000000005
44.48125
40.23125
38.86
40.79
34.3525
22.806250000000002
19.567500000000003
15.821250000000001
10.43625
15.476249999999999
28.62375
43.596250000000005
47.995000000000005
48.43875
46.661249999999995
45.9625
46.18875
43.72625
38.465
35.636250000000004
36.321250000000006
41.30625
49.535
54.10125
50.54875
41.40375
38.675000000000004
41.33875
36.62875
26.54625
26.688750000000002
24.68375
22.325
23.231250000000003
32.871249999999996
49.03
50.47875
48.3575
46.3275
45.698750000000004
44.6125
43.411249999999995
45.181250000000006
45.57
46.6
52.20625
63.78125
71.42
64.69625
53.714999999999996
50.54875
51.15
47.526250000000005
46.69
45.705000000000005
40.625
34.71875
34.33625000000001
39.68625
50.49125000000001
59.745
61.928749999999994
57.800000000000004
54.92625
55.175
53.53375
51.075
55.816250000000004
56.3025
59.53625
72.18375
78.09375
71.14874999999999
58.3125
54.222500000000004
55.09
46.481249999999996
33.96375
34.515
31.898750000000003
29.402500000000003
31.668750000000003
37.6925
47.868750000000006
56.3775
55.7225
53.83
53.03
51.1125
49.4525
48.0375
47.09875
48.12625
53.067499999999995
60.282500000000006
60.463750000000005
50.927499999999995
42.415000000000006
38.5325
39.042500000000004
34.79624999999999
29.05375
26.41
22.11375
18.44875
20.01125
28.0125
38.114999999999995
45.533750000000005
46.31375
46.7075
46.08625
42.65875
39.795
38.98625
37.33125
39.8075
45.17125000000001
48.23125
45.285000000000004
41.37625
38.45875
38.04375
40.043749999999996
43.89
45.151250000000005
38.68
30.870000000000005
22.61
19.490000000000002
22.55125
29.755
34.99625
35.73125
36.97625
35.043749999999996
36.34
36.43125
34.655
32.2775
29.42875
38.25625
48.35875
51.14125
50.96125000000001
47.845
44.3775
44.09875
41.162499999999994
41.85875
36.7575
20.66375
13.061250000000001
10.90375
12.5775
17.117500000000003
19.288749999999997
25.799999999999997
33.462500000000006
35.83
40.7025
43.07125
32.57
25.478749999999998
29.435000000000002
36.9375
48.6975
52.377500000000005
45.65875
36.36125
35.22
34.98625
31.035
25.745
24.26125
22.945
23.2825
25.43875
32.35625
43.38
48.824999999999996
50.26
49.7575
47.91625
47.53874999999999
46.57125
45.76125
44.54750000000001
44.96374999999999
49.8
52.2575
51.3975
48.41125
41.25
39.01
39.4
33.70875
27.325
27.603749999999998
26.019999999999996
24.62
25.43375
28.27125
36.905
47.3075
46.106249999999996
41.725
37.915
36.162499999999994
34.31875
35.963750000000005
40.13125
42.605000000000004
45.745000000000005
51.1275
53.597500000000004
48.533750000000005
47.43
45.762499999999996
32.3
31.494999999999997
29.575
33.14875000000001
31.895000000000003
37.28
35.85625
40.37375
52.84625
64.19
65.79874999999998
66.39625000000001
62.053749999999994
51.35
47.6575
48.34375
53.29125
62.07
66.5175
70.815
72.20875
64.98375
50.95125
42.37
44.93875
44.89375
42.1875
42.3525
38.56625
31.950000000000003
32.682500000000005
41.61125
50.592499999999994
55.603750000000005
56.09125
54.556250000000006
54.51875
57.1275
56.541250000000005
52.309999999999995
49.473749999999995
49.39
53.888749999999995
65.675
68.90374999999999
59.866249999999994
53.64375
48.9425
48.81375
47.43875
44.35625
41.62625
39.06
35.995000000000005
35.16625
40.24625
49.158750000000005
57.37125
59.866249999999994
56.653749999999995
52.46625
50.111250000000005
47.1875
44.4475
43.2425
42.783750000000005
45.0875
50.105
53.102500000000006
50.90625
44.565
42.76375
45.37625
43.07625
39.0775
42.158750000000005
40.365
35.37625
33.94375
37.4775
44.36125
48.253750000000004
48.769999999999996
45.70125
40.66375
41.0925
40.095
35.49375
30.459999999999997
31.455
36.112500000000004
41.11
42.225
38.8325
33.660000000000004
32.098749999999995
35.28125
35.6075
32.41625
32.56875
29.1875
25.692500000000003
29.404999999999998
31.79625
31.69875
33.48375
35.9375
38.72125
40.39375
43.36875
44.17375
38.6875
33.441250000000004
35.205000000000005
39.5625
46.33
49.595
47.3875
42.036249999999995
39.519999999999996
41.05625
38.21
34.65875
30.743750000000002
28.877499999999998
27.693749999999998
28.275
34.00375
45.835
54.675
58.11375
60.82625
60.4675
57.845
54.60874999999999
51.63249999999999
50.55875
50.38875
55.582499999999996
65.72250000000001
67.53375
60.3275
50.26375
44.45125
46.99875
44.48625
39.67875
37.69375
33.8125
30.29125
30.86875
36.34625
44.114999999999995
51.88
55.00750000000001
54.448750000000004
53.29125
52.491249999999994
51.86625
50.91875
49.765
50.385
52.56875
54.567499999999995
51.38625
45.677499999999995
39.09125
35.6275
37.144999999999996
34.41
30.198749999999997
28.88
27.88125
27.173750000000002
27.642500000000002
32.4525
41.9525
45.565000000000005
45.04625
43.658750000000005
43.025000000000006
43.370000000000005
42.57875
41.95625
40.63875
41.4825
43.095
44.629999999999995
42.862500000000004
41.13249999999999
37.545
34.339999999999996
36.55
34.38125
22.845000000000002
21.98125
20.6125
19.80875
21.44375
26.36
34.716249999999995
40.875
41.3925
40.870000000000005
40.33875
39.122499999999995
35.88375
35.114999999999995
34.9125
36.69625
40.01875
40.87875
39.68
38.43625
34.602500000000006
31.703750000000003
34.865
33.1575
28.1625
26.66625
24.3675
22.142500000000002
24.574999999999996
31.03875
38.7975
42.173750000000005
40.5625
40.2
39.378750000000004
38.92125
39.61125
37.0
34.83375
36.28625
40.143750000000004
42.041250000000005
42.23
39.83125
33.5575
30.642500000000002
33.9775
35.11875
28.17
25.215
22.873749999999998
21.220000000000002
19.3875
20.0875
23.6775
28.1175
32.77
36.10125
35.16125
34.49875
33.131249999999994
30.33875
30.185
31.885
35.394999999999996
39.14125
36.2775
30.891250000000003
27.2275
26.17625
28.265
24.68875
18.653750000000002
15.333749999999998
13.19125
11.791250000000002
10.725
8.5075
10.31
13.07375
16.72
17.916249999999998
18.92
19.79625
20.42875
20.509999999999998
18.49625
20.238750000000003
26.857499999999998
32.1175
34.792500000000004
34.375
29.893750000000004
26.43875
29.2675
26.7
20.529999999999998
18.096249999999998
16.342499999999998
12.946250000000001
14.96875
21.275000000000002
32.695
42.5925
44.571250000000006
43.5475
40.95
38.90625
37.34
35.93875
30.921250000000004
32.21125
37.4075
41.053749999999994
40.73375
38.44125
34.88625
34.582499999999996
37.49125
35.19375
29.6725
21.98125
14.337500000000002
6.96625
9.612499999999999
16.155
29.559999999999995
40.72875
40.025
40.41125
37.748749999999994
34.9475
34.553749999999994
35.04
32.283750000000005
31.652500000000003
35.026250000000005
38.98875
40.09
38.411249999999995
32.44
30.285
27.764999999999997
20.10875
14.915
11.51875
7.391249999999999
2.3275
6.944999999999999
18.15375
28.91625
37.019999999999996
38.72125
36.43625
40.6725
40.75
40.926249999999996
40.235
38.46625
35.167500000000004
34.555
41.574999999999996
44.29375
40.88125
34.478750000000005
33.39625
29.89875
27.746250000000003
23.7875
19.10125
16.52375
13.495
10.512500000000001
12.01125
18.557499999999997
27.145
30.165
30.18875
28.795
25.331250000000004
22.891250000000003
19.9875
19.155
19.6875
22.533749999999998
25.8825
26.0025
24.103749999999998
21.412499999999998
24.13375
30.49375
26.856250000000003
19.841250000000002
17.016250000000003
9.669999999999998
5.328749999999999
8.5025
10.84125
10.467500000000001
13.88
15.8025
18.38
18.033749999999998
17.919999999999998
17.105
15.892499999999998
15.74125
17.24375
21.46
26.89
29.71875
28.69375
26.595000000000002
25.325
25.14875
19.41375
11.95
9.797500000000001
4.81125
0.87375
2.15875
6.70375
8.40375
8.87375
12.71375
15.56875
17.52625
18.94125
18.64125
17.387500000000003
16.81125
16.20125
19.585
23.887500000000003
25.77
22.683749999999996
19.2275
18.85125
21.978749999999998
19.04
13.255
11.8975
10.705
8.35125
5.036249999999999
4.668749999999999
6.965000000000001
9.20375
12.9
14.273750000000001
14.196250000000001
15.1375
15.735000000000001
14.14375
15.327499999999999
18.77
25.625
33.10625
35.70375
34.67875
32.536249999999995
31.762499999999996
30.0825
27.01625
24.04375
19.375
17.097499999999997
15.23375
16.981250000000003
23.531250000000004
29.0
35.80375
39.78125
40.826249999999995
38.43375
36.025
35.025
33.073750000000004
32.7625
34.55625
39.18
43.13
40.57875000000001
33.83625
29.3375
27.45
26.66
23.982499999999998
19.90625
17.6825
15.94125
14.22125
16.08375
21.905
27.46875
28.86125
33.66125
38.9125
39.84375
42.17625
41.378750000000004
38.02625
35.676249999999996
38.19125
45.631249999999994
53.447500000000005
53.655
45.63375
37.1
34.32375
32.027499999999996
29.685000000000002
28.982499999999998
26.65625
21.4725
17.2375
17.76125
21.878750000000004
25.78
32.11375
36.65375
36.7575
36.668749999999996
33.92375
30.75375
28.0775
27.473750000000003
28.71125
33.8975
39.0875
38.84875
38.168749999999996
32.97
29.228749999999998
33.61
26.11625
13.80375
12.32
10.747499999999999
7.5
5.31
9.60875
16.545
19.94
22.2275
24.44125
25.45125
26.53
27.68375
27.92375
28.05
30.45125
35.555
40.112500000000004
38.9525
33.7975
27.8575
27.665
30.589999999999996
31.59
